16620
783
4773
2544
3817
659
1847
4302
2681
2423
4672
202
3760
3032
1350
3977
4431
1572
2401
594
1393
24
2693
1959
4166
2757
4673
2056
4871
2545
525
4018
317
1725
4194
4726
370
2951
448
2223
1624
3053
1190
1125
4432
1597
2585
2284
4396
1343
2110
1984
755
469
1891
1550
2471
2270
2836
666
3192
548
1181
301
2031
1219
781
3280
1742
3509
3936
3417
4754
1684
2879
2947
2145
3187
3835
3428
444
465
2195
3434
3702
3780
2487
1859
489
213
4071
164
498
988
471
3293
3481
2957
1809
127
1728
3348
2762
1545
75
2604
1311
794
4308
1564
2752
134
830
206
368
892
2491
3134
3569
3769
4577
442
4798
2969
1049
2753
4640
3968
2542
1748
2414
1314
4931
1529
1745
971
4463
2771
48
1733
185
4767
4041
4
2688
275
3928
4819
2170
4655
3354
2627
3398
3915
4057
149
439
842
1412
545
2670
1336
860
4695
1189
3488
3739
1089
1877
1130
1855
2939
472
1803
1482
596
1543
833
4733
1475
1223
806
3940
2387
4776
1448
352
2983
4472
2944
3085
2733
3957
1643
1210
2345
1484
4215
3501
2107
211
3012
1600
900
644
1757
2033
3476
4541
172
2806
1935
1197
4189
3503
4800
1925
2185
4137
3096
488
3592
2612
4353
984
1636
4367
2560
4578
749
1169
191
1120
608
1235
1011
4320
1844
1065
1313
2992
1601
1309
4325
38
2909
4234
3698
2227
1568
3185
2446
1519
3135
4968
3744
490
4539
3847
3025
1469
3842
2051
1303
4557
4864
2610
3519
986
3038
4386
3859
1715
3786
3499
3384
3657
3365
1793
2116
1649
4811
4030
62
510
1738
2027
2430
1307
658
2677
2535
412
1129
1822
1288
4032
3535
1991
1157
3224
277
3334
1278
3568
4996
2093
3423
2504
2887
4606
2467
3953
3945
1754
3740
4017
289
1292
1950
622
3836
2863
3997
2390
1993
2719
1087
4853
1651
1173
2966
2065
4193
1949
3717
1842
4159
3834
746
747
1112
2296
2673
1561
3254
4160
1297
2850
375
787
3955
2406
3415
2786
4082
2605
4337
2142
751
237
3489
183
3593
2394
382
3
2453
577
4409
1927
2177
3209
752
384
1044
2792
774
3803
1727
3800
1483
992
908
2210
1669
4001
1663
3438
1191
909
360
1275
2886
4595
732
975
2829
1305
753
4179
182
2228
4582
2161
4274
4642
1706
2896
4857
518
451
2307
4527
4975
711
257
1768
2528
2413
1526
955
3311
1635
1368
1268
2114
26
3350
96
3092
3206
1671
4934
2676
2463
1147
1622
4042
1612
2092
1472
4731
2784
1363
630
1658
4772
3309
1012
4470
3427
286
1558
260
1741
3140
1253
3561
449
3794
4629
532
2614
4954
2546
70
4067
4257
2124
649
3137
1470
2134
2108
1625
2820
1004
3269
2885
4050
1936
3130
4608
1417
677
4064
4534
1938
877
2962
1962
3542
1365
1420
2961
4921
1227
1798
886
3202
4885
4458
1800
2655
788
4047
1050
1500
2139
4314
4509
1808
2017
2429
2186
3570
4961
2548
4883
2072
3083
2787
1811
2737
209
786
4195
1795
4637
4703
2898
3179
3174
3952
2052
1207
1115
3802
3848
3632
1968
246
2385
4700
252
219
3762
2265
1948
2692
3450
2102
4662
1899
562
2149
466
364
92
2773
3946
2573
304
996
1010
2269
4226
3267
4594
4462
1590
4814
2462
3264
3918
2888
2424
1585
1659
3884
4890
823
3431
1994
3710
4447
283
2876
2828
915
4219
4546
249
85
2906
4270
4332
3691
770
1627
4689
2759
621
716
2837
454
2882
2967
2199
1114
1478
4484
3872
1985
2499
1606
4361
3808
2769
965
269
1266
3838
4467
4483
4124
302
2900
762
1144
2213
2329
2377
2433
1208
4240
66
4813
4909
3207
1513
2675
4708
1037
2584
3340
4517
4291
2472
1133
2817
4079
989
436
423
100
341
190
2648
2736
4518
1867
4326
3728
4004
1460
325
3777
2975
2581
999
2665
1961
3062
270
1486
1134
2821
3258
1108
850
769
4077
3299
2208
1148
1361
2500
3037
2603
1103
4592
2458
4108
847
923
4199
7
1713
4389
1854
2870
63
230
3480
1052
280
3767
2097
1946
2715
3682
446
312
4989
2057
4558
3875
4101
3444
1373
1574
829
2044
2167
3199
1865
3804
2485
931
326
3976
4621
4107
3036
1337
2514
503
3201
266
1001
4055
2582
2586
4514
4768
4208
1773
4110
1078
453
1246
1092
766
4023
378
4499
105
699
3200
636
2460
2616
3475
4163
1641
3673
2258
1711
4418
3907
3722
3378
2287
3949
650
1942
600
1031
1200
2192
343
3996
1033
2282
4508
1690
1546
1209
4761
2796
580
3571
1730
3893
4029
1502
1425
4675
4494
262
215
475
4060
4482
2988
3023
2523
3863
3983
1888
4245
4743
634
3547
4833
2702
2893
3833
4438
2197
4693
2591
2034
1885
3375
445
1265
2209
3220
2574
1437
856
1429
3720
906
748
3776
3177
2558
1685
4778
3246
25
605
1080
1841
858
4528
2929
3715
1493
4493
3982
1329
4202
4986
1647
1024
2055
4744
4861
2825
2147
3974
2085
2749
1755
2303
4687
2029
3965
1548
1631
3180
1928
3661
828
1014
867
4363
727
4450
1016
4364
500
4521
1154
1864
2954
2481
576
3077
2731
4496
1752
1845
4945
3110
4997
425
3131
809
1736
3477
1279
1360
12
4537
3469
2267
1066
3040
2928
4307
3252
1919
2477
2684
2871
4917
1581
1146
1761
36
2915
1339
1264
4223
4855
233
3257
4522
678
2955
1794
199
2580
1701
350
2943
4437
3785
579
3629
4702
2416
3846
2505
4762
586
4600
4221
3268
88
3464
2371
1856
3779
4260
1894
2490
1071
1972
3746
3119
2137
4149
3653
1640
4044
1435
2758
1804
3713
3707
4109
45
1941
3321
4262
4705
3919
4330
3460
3322
2013
4252
2729
1444
4793
4987
4449
3039
1481
4436
4344
4285
147
721
1074
1539
4939
227
1759
3330
4052
3591
3530
4222
2212
1496
3101
4334
2207
4797
1580
1445
223
2060
1163
964
2015
2598
138
4561
4426
583
1046
4246
338
4729
4097
2519
4306
2713
2255
4164
3189
2854
414
3116
4206
3010
1215
47
2039
1419
3828
3840
529
3990
3271
1538
3807
1110
814
642
2452
3076
2274
1604
4061
4196
4717
4520
1272
3841
578
1152
131
2203
1971
4715
4098
1786
3954
1531
2068
2847
1626
86
1889
166
225
1128
4152
3812
1166
4506
4397
4460
1261
2849
2059
4505
3262
3313
592
3641
3371
79
3221
3392
2158
2451
1098
4329
4024
2233
968
4860
3594
1698
2128
107
3973
765
1813
2965
3235
1932
4874
1510
2921
4188
575
2945
3647
1947
1634
99
4415
60
4216
2428
4908
667
671
1221
162
2304
4710
4444
4059
4078
4930
1616
3515
1569
418
3231
1405
1717
1541
2973
3347
3345
455
3733
657
1357
1512
2334
124
676
422
1901
4953
2890
403
623
2563
1570
2716
825
2977
3241
214
2730
2111
1799
4486
19
1944
1824
4711
2478
2838
67
4525
3260
1556
3227
1285
1494
1382
1592
2014
3599
2326
1423
1656
2489
880
2069
3536
3425
4651
1980
2631
2335
3233
3416
1840
935
528
3332
3370
997
4507
3466
4670
540
1704
4589
1459
1096
4210
1945
2553
1912
2638
2165
1284
3376
3203
1440
3563
709
2889
377
1700
1451
3142
4128
3724
3888
1107
3136
4581
3778
1224
949
2091
4185
2630
1068
546
4616
4088
2541
1039
1135
1712
4440
3226
1555
2054
3353
4805
1456
3335
3000
4026
1375
3073
434
1834
505
1861
3617
4076
161
3178
3152
3665
1061
4054
3645
156
793
152
668
1084
4091
438
1931
3429
2704
3914
3663
639
1196
3396
2680
1018
952
4552
97
2475
181
4033
492
4752
3198
1726
3397
2023
3355
3446
1559
2884
3485
4375
37
1670
1789
4084
3774
73
2242
4807
250
3266
1258
136
3223
4420
2712
2336
1645
4058
3091
3217
4312
4072
4892
130
3642
1201
1875
1182
2373
4725
4634
4544
4190
4366
1525
2105
4469
3405
4553
405
3305
3925
1779
2919
3066
4904
2588
2902
3495
4974
4125
4239
3711
3048
168
3610
626
3497
4197
4602
896
3979
3352
2099
1304
681
2765
4410
4574
2628
2205
1081
1027
638
1753
4461
2437
4242
2220
1194
4273
2357
1017
4231
1893
2539
4503
3978
3379
4480
1906
2396
3964
1751
4180
759
1675
318
4174
1364
14
3529
2913
2096
4368
798
2641
4504
102
2739
3959
1776
84
2400
1644
1943
1743
3638
3639
2615
4802
4926
641
3552
313
948
3098
4259
3882
197
473
22
3678
2016
2700
4881
2198
2925
876
18
1485
1474
82
2204
1204
1697
3407
320
4515
4263
1076
424
151
3019
1638
4380
4129
3730
2818
3714
2028
1517
2389
4398
2174
3706
256
2727
912
3265
2008
3222
4287
362
3284
4549
1578
457
1750
4276
3297
51
2980
4803
1969
713
2914
729
3916
4980
305
1056
210
1403
2442
2061
3763
902
3478
4407
1648
930
3615
2239
4281
1431
2235
4638
4340
3735
4916
1400
1617
3111
34
56
4056
3169
4404
3597
1646
3230
4536
3138
4384
3664
4816
3524
2328
2427
4780
4006
4318
2911
2261
33
3544
4978
4912
235
4579
2991
416
4253
2464
4339
2611
2766
3171
3793
3690
3607
4985
1954
763
1263
3099
1960
3931
4443
1982
804
481
3809
3782
3108
4969
1691
2426
1085
399
2221
3068
486
4162
647
2701
4714
2315
21
4619
4400
3813
3042
4167
3443
2827
4395
3237
4479
4949
4995
3738
4144
4740
2180
3461
1709
3545
2632
3471
1892
4358
1206
3287
1142
2763
3967
4682
2498
4425
4255
3063
3731
2486
4473
1586
3184
4010
2650
3031
1406
3216
3318
154
4893
2397
1387
4452
2570
1372
1220
873
4992
3867
4013
3971
3490
4610
1821
549
4478
2230
4021
2263
13 2073
1930 4373
929 530
4936 4626
254 1222
251 872
192 587
236 907
1013 832
664 869
990 859
3127 3242
1520 2800
685 5
2644 3103
81 15
431 2810
689 3787
231 4168
2179 2320
620 115
365 663
3908 2484
4826 356
835 1241
108 4977
42 1045
291 1193
612 895
1852 2846
340 742
4378 238
3602 619
938 499
353 4049
684 4453
1090 3214
898 224
3314 3057
962 474
1274 78
848 3082
83 4841
3586 1421
1430 3159
3799 4971
3619 2450
226 4835
380 3975
2816 2599
2978 2388
178 625
420 563
669 854
4331 2047
883 566
1255 145
205 4624
1242 2646
706 789
1830 4433
1394 2916
3363 2618
2848 2743
757 3726
972 3333
1990 2403
61 16
2330 2246
4350 1836
4817 435
2770 2803
2683 2678
4218 2272
2445 3373
2113 3933
4288 392
272 497
2907 3995
1530 4865
1165 3059
195 932
2917 1999
2756 937
2703 1829
1064 3539
3531 1602
35 691
2521 2751
58 44
4884 175
30 4381
2117 3719
440 3753
3117 3250
1514 2549
248 539
1907 2507
3768 1117
4667 885
3467 1498
2662 2162
57 1409
871 3439
925 4801
1385 2924
4882 1589
3454 1846
1243 204
2215 4327
1167 494
2455 1238
1300 4972
495 4724
482 170
3162 593
2448 1244
1384 4684
3088 1355
167 1302
887 560
704 319
77 4901
371 662
307 1161
1187 3055
2524 3166
2767 2864
2666 1838
4155 1958
4794 1344
387 339
2728 967
2509 4115
3435 1818
117 4759
388 3272
2958 3282
240 544
633 3486
101 4248
345 410
3408 3005
2361 2216
4559 1509
797 309
441 273
629 1871
4165 3505
2754 2899
3113 2262
598 921
274 4258
268 520
3487 2931
2201 2405
2984 2986
3060 2298
4130 800
467 187
179 607
1866 2112
1810 3877
4068 3613
1257 125
897 228
2050 2534
1681 4019
4551 1523
3644 1335
893 3628
464 993
390 4075
543 504
1537 4586
3109 2404
459 524
569 939
656 396
864 1232
299 801
314 4073
483 160
1271 111
2525 3279
1816 2217
581 3622
1041 627
2219 3858
2956 3294
2200 4089
126 4244
1100 265
3756 1168
3474 2937
776 1563
2647 2171
2297 1397
1995 4607
1744 3538
1323 4918
3860 1450
2652 1880
1327 2606
1920 2721
3947 934
426 550
432 2506
3003 1908
502 2115
888 535
1454 3144
1294 3409
4316 285
3589 2793
153 3831
4345 2025
1174 232
606 4523
3323 1900
686 831
3912 1395
331 796
764 717
244 1240
222 3820
1138 54
3851 1034
1072 116
2002 1868
201 928
1374 2567
4664 2101
618 2020
1286 65
2518 3170
599 2095
3675 1312
3795 1131
461 3677
3402 805
816 3310
1053 4158
724 3412
1490 2551
4173 2301
2468 4116
1771 4685
76 1164
279 3961
3755 1123
508 146
4411 1975
2109 4421
3752 1162
336 743
745 739
1075 2761
4516 1655
310 4468
512 953
2380 3433
3315 335
2634 3612
3413 2993
443 3685
2411 3984
4297 367
337 430
72 1184
1280 28
1997 2393
2041 3276
354 3421
52 1008
3148 2347
332 4065
2668 3020
245 1231
3668 601
2940 2996
1229 376
719 3750
2875 2587
4408 143
2842 3377
4677 4922
855 589
4311 295
3319 1571
2449 4126
3596 1398
2511 3172
2601 2175
386 401
3229 2135
1480 4601
3590 1411
2725 974
531 511
1699 2671
2922 1463
2593 3627
2370 2181
180 940
1316 2629
3281 1028
4264 771
480 2132
109 4487
4538 1566
1598 2740
1029 2814
2768 2062
1937 4369
1177 381
2290 1402
775 4406
263 812
242 901
3455 1792
1464 2841
2045 1787
3890 1446
1401 4955
2308 3562
4905 4025
4966 4575
4979 1111
3105 616
294 4898
2808 1692
2354 1317
1996 2398
646 397
2780 1814
4650 2140
679 1615
3468 2576
1399 2868
89 682
567 3958
2933 1970
3255 1095
1185 218
4502 1897
2271 3606
452 547
4303 344
3659 31
174 660
198 1281
946 194
1820 2858
2811 1662
2696 2938
3389 2613
20 1903
487 3670
3080 3301
1458 4153
2447 1245
3747 1217
2376 2176
2750 3845
3718 2342
4804 4784
874 1199
570 400
3196 3924
4940 1577
1321 2624
963 468
1254 132
2127 4357
4547 1544
2341 1354
1023 822
3006 688
2561 1216
4095 813
998 2865
2202 3873
4336 1878
758 3359
2895 703
2148 2456
4390 726
4658 4970
985 890
3225 2182
3067 3304
3861 1447
3626 2438
3120 1848
3285 1613
4191 1188
2248 3654
870 574
1554 4854
4134 768
3662 610
3557 1461
122 1320
2291 3603
3935 944
3578 696
839 3458
609 916
862 3636
3631 1276
2288 4293
144 3869
383 1137
3274 1672
1851 4355
3286 521
782 1487
2011 4186
3850 476
1282 135
1740 4713
4567 11
632 55
3069 643
697 3420
3219 2236
4036 911
554 3987
2118 1527
4963 4391
1057 536
947 176
3215 584
3962 450
3634 1362
1679 4497
2 112
3114 2375
1552 4564
1650 3595
4031 394
3414 1511
3927 1003
3573 1452
552 3729
1015 3576
2622 2714
4394 217
1783 2571
3521 1611
1853 3337
71 980
288 4906
1101 3121
3156 1139
2122 3128
409 300
1642 2698
2305 2317
3188 1693
2084 1734
106 3878
406 3892
385 571
4423 1758
1353 4775
1236 3948
2697 2903
4392 1815
712 3754
1501 3751
3393 875
2781 1812
1132 74
3686 1549
841 282
2942 1413
2851 3560
1964 1874
3459 2602
3054 2313
2333 2949
3360 1540
2432 3465
1391 4962
1837 3380
4897 4654
2540 3709
3700 1
3528 1777
533 3643
1277 142
2043 3236
3106 3263
2760 2067
827 3701
926 196
1233 3024
2723 987
4597 1499
298 3748
3737 4999
1542 4777
1306 3404
141 4374
2529 2184
417 3857
4290 150
128 4241
1030 4175
808 613
9 91
3898 1404
3510 113
4465 1918
1352 4836
670 3484
2372 2920
2891 772
4043 868
3883 1054
1348 3870
702 799
484 977
2247 3630
2256 2374
2090 4383
1621 3008
2130 2492
1605 2502
4477 674
818 3181
4943 120
807 1390
1721 4738
2963 2526
590 3582
348 3511
4981 1109
3749 1226
4476 1898
588 4569
2952 1966
4697 1664
767 707
4739 810
4671 4927
2794 918
1756 2623
2173 4131
322 3527
507 157
3765 513
1505 3689
2046 4417
2880 2589
2859 2663
2386 4205
4919 4639
3684 1299
349 715
1377 2564
1778 2600
2720 2639
3868 969
462 2311
2143 1507
358 687
982 323
4204 1171
4728 1388
1021 3558
1909 1988
2030 2555
553 4620
792 653
1547 2788
1202 3492
4580 4224
2590 2183
2797 905
595 119
4157 255
3244 1097
3941 979
3338 3051
723 1579
2483 3801
258 4283
389 1083
3342 1557
404 4014
1042 3259
559 429
4335 2037
1565 4122
4471 1724
3115 2367
4310 324
281 496
522 951
493 3732
4475 49
1951 4623
3424 1983
756 4419
2883 3456
2082 4456
1767 4530
3824 4895
2679 3608
1973 2410
3989 1356
1086 2742
1680 3550
4466 693
4232 2257
2005 4309
374 611
2364 3437
4399 1105
1479 2812
4359 114
3071 3186
4647 958
3658 2365
526 139
3390 879
2407 1252
4859 1608
4217 4279
477 3676
3575 700
2722 1825
4737 817
1747 4691
3616 2776
3585 1426
2421 3864
2642 3966
243 899
1301 4500
3075 3183
3934 463
2021 4566
2799 3671
2543 3107
2146 2482
4661 551
1862 2138
4958 4612
3234 1102
1449 4643
1324 8
3366 3011
2343 3559
2399 2094
3089 2293
1553 3625
2901 2473
1819 2867
927 3374
904 1069
1093 3151
1515 3125
1476 3773
3734 1287
4830 330
2010 2566
4648 585
3176 2077
159 4323
701 3546
2319 1381
3368 177
3543 1584
4298 2106
1298 2974
556 3703
1289 3937
3600 1716
315 478
2189 2312
561 943
2254 1408
1665 2384
2036 2378
3904 2531
2420 3905
4535 4993
2383 3418
2129 3926
2038 3951
3727 1290
4511 1048
1674 2352
640 41
1006 3584
3999 922
351 1141
2316 2275
2324 3624
4300 2074
4342 730
3213 2238
355 4048
1073 2783
779 4880
4540 1774
68 4524
3362 2120
1857 2782
884 3058
680 3422
1915 4321
259 865
1332 3240
3132 1186
914 3388
4827 1248
2240 2381
1981 4209
1705 2338
1455 3797
3577 1410
3253 2003
3579 694
334 3520
123 960
3336 1887
4140 1979
881 3072
3666 1654
2513 4094
846 3694
2495 3349
2144 1506
3508 731
3104 3277
80 4379
2141 2331
328 4877
1198 3498
1929 3784
2321 1367
1432 3815
527 4003
655 891
103 3894
2012 4286
359 4002
603 3551
3909 4652
1628 2418
3843 1036
983 2932
4022 2126
3298 509
4099 357
645 1652
2480 3351
1319 3326
3303 1957
1325 4442
2459 2004
1516 4596
3383 2026
604 3555
3325 2123
216 573
2538 4053
4040 373
491 4011
308 1143
59 4526
3021 1371
3972 933
4735 4121
2156 3885
4178 2300
2830 3033
2457 3372
278 3757
1978 4338
3090 3283
4181 648
889 3406
3139 1788
2832 1653
803 624
1225 4513
2163 3681
3473 2968
1043 2813
861 4315
582 3564
882 4313
1116 261
428 3792
954 137
4615 4856
3819 1118
1473 4628
3145 1159
780 4382
4046 2360
2745 3855
790 3329
3766 506
4143 1965
3208 2024
2512 1218
2196 3078
1661 2395
976 3288
3302 1596
1873 3328
1308 4928
3832 2279
3239 564
3387 957
2970 3256
2537 1998
1843 3849
118 961
2392 4177
1342 3197
1796 3906
851 3672
1351 4868
2100 4156
3920 1378
4113 284
4081 849
2006 1827
1567 4560
617 3526
173 959
4512 1823
1987 4198
3153 2133
4106 819
1156 3517
894 4832
2474 3358
2363 1269
3648 2774
2874 3017
4983 1099
4765 1345
820 4372
1051 538
4405 165
4988 1433
3856 1453
413 3692
1214 27
4533 43
1315 3369
4791 4796
3981 2443
3343 212
2840 1630
3064 2807
1682 4666
3651 1326
1175 4568
3522 1780
1801 2565
4142 722
3261 1077
2809 2785
2823 3442
4732 534
3876 4838
4457 1956
2620 1094
3705 1291
2259 2995
2131 3081
2063 4543
3141 1176
3094 3129
2833 3635
1535 2517
1035 292
1070 3532
4459 1933
2362 2245
1082 3523
333 4145
4699 541
2522 4069
1170 3512
1583 3112
2408 4020
2844 1575
4584 4899
3290 1020
3232 2022
4531 1587
6 3910
2621 1890
4207 2273
1696 4751
994 4228
4742 778
2856 3540
3580 46
3922 4649
2510 2834
1974 3307
3929 2465
4377 94
346 4136
3588 683
2058 2527
2877 2592
129 4235
2358 2946
3445 1921
3553 2826
2515 3292
1521 4139
2789 3463
1370 3866
2651 1884
2873 2035
3620 2441
1234 3457
2686 2653
1192 3502
4105 347
4492 615
2550 1986
1158 4598
4319 1122
4636 1467
2866 3357
654 4485
2705 3470
398 3950
4723 4154
1379 3844
4184 193
4542 1772
4957 4430
2805 3637
2286 2322
784 1462
1322 3247
2493 3796
514 3649
1247 23
3806 1465
4035 2121
815 4849
4603 4203
675 3822
3327 1005
2532 3147
2327 2260
1522 3652
3771 2694
2285 2981
2250 4028
3356 1879
718 3514
3308 366
4609 4887
1858 2557
4341 1839
393 3150
148 4965
2656 1062
1414 4821
3160 2708
133 4393
3391 1536
4565 602
1160 2732
1428 3163
4576 4998
402 4858
3447 1849
4792 1639
50 690
3030 2470
736 4896
501 956
2346 4212
2229 3679
276 4911
4333 239
3494 735
4086 2078
2674 3944
517 4005
3956 456
3149 2289
4806 1293
4712 821
2724 2636
2660 1869
3070 1905
635 3865
2310 4236
4119 773
253 4243
3837 479
2741 2079
2659 2164
184 4960
1599 3093
4959 710
733 761
4829 4102
1256 4973
1593 4766
1895 2508
2897 3441
3566 705
3034 2855
2831 2755
4707 1392
2661 3611
3939 2225
740 3496
3483 2520
1427 4646
4322 744
2214 4348
734 4929
3426 158
4984 4554
1358 4704
470 4745
4277 2194
714 3419
40 4545
1863 4454
2159 1495
913 3621
1551 2777
316 4888
4412 121
4292 4278
271 4914
2971 1934
2695 3472
3913 1380
4172 241
3781 1503
4510 1667
3050 2323
2559 3697
2637 3124
327 4879
4063 4435
4611 1000
4834 725
408 4795
1637 2706
2191 2415
3273 537
4757 4891
186 4301
4787 760
2081 3157
4779 4103
2578 3687
826 4354
2379 3518
1775 2607
1573 4556
631 3911
557 3650
3015 673
1416 4267
1230 3963
920 4809
2635 3052
1032 4171
4000 4588
1896 3823
3917 2243
4583 4938
379 4080
4872 1195
2244 1489
1283 4501
2241 2998
1063 4686
2151 4133
4495 29
1497 4151
2685 3086
2211 2382
4967 4570
3986 936
287 4123
3889 2253
1607 4771
2892 1466
1228 3027
4272 447
2609 1119
1055 3228
372 3331
3992 4590
4238 565
87 4488
2926 1976
2643 1067
4915 3993
1346 2595
2619 4045
4401 1791
4261 777
3683 1582
2088 4427
2461 2193
2948 3296
3788 2617
970 3344
1766 2608
3587 32
2302 3583
3436 795
3133 2155
3549 1491
3173 2098
369 3699
407 2930
1424 2853
3656 1686
2667 1059
3403 171
4104 2351
1850 2852
802 303
1318 2960
1026 4201
2533 3249
3289 1609
1784 4683
4617 1492
4481 4249
3680 2734
924 203
2436 3400
4755 460
2999 2908
1710 2292
2440 3852
3399 3007
1760 2959
1436 3146
1260 4952
3830 2295
3016 2869
4758 1366
4774 1657
2076 2368
4007 903
4114 1267
652 17
321 437
4192 2281
4289 2150
3339 973
3191 3205
3998 1341
3932 1369
3988 2422
3770 1079
661 3829
1212 4548
3210 1678
672 329
2318 2264
2494 2878
2224 3816
2349 3504
3382 2103
3275 1038
4680 840
4941 1149
3312 1902
1904 2087
4016 2168
1731 2658
1632 2709
1091 93
917 3614
3825 4870
1250 3451
1835 2178
4900 720
4284 433
3604 1689
1913 4660
4840 4038
3507 1746
1594 4818
2824 3381
2860 2048
4614 981
3306 411
1009 4214
1762 4532
1749 3001
1383 3821
427 296
4599 4894
2645 3029
4630 1769
415 4786
1330 4889
3401 1826
4694 837
4027 2125
2562 3164
2040 2547
3449 1807
628 3938
4946 4455
1911 4402
1524 4135
2923 1443
853 3440
1518 4820
2277 2369
2689 1022
3525 95
966 342
2353 2268
1595 4764
1251 4994
3182 1695
247 3790
4093 834
4200 568
3452 1797
1389 4679
3960 942
4051 852
878 3411
3554 1471
4951 4441
4924 1179
4839 229
4842 1619
785 3725
863 4845
1702 4748
290 4902
3238 2009
1211 4062
3886 4721
4873 189
1806 3462
2249 2997
665 10
1763 4448
2748 3853
3598 2476
4365 1113
2815 2049
1468 4878
2434 4138
3548 2835
2226 3761
1434 4913
2066 4183
1881 3324
1104 264
2086 2501
4213 1924
2950 695
4434 104
1922 2711
4120 2007
2976 1910
3102 2419
1273 4950
3805 1060
2798 2626
1295 3891
3175 2707
1334 4990
110 1328
1620 3045
2169 2444
3320 234
2283 2344
2575 2747
2744 3041
2918 2409
4233 188
1707 3994
4585 1040
2355 2251
2071 3193
754 3482
1610 2469
4388 4268
3245 558
4632 4788
3194 591
2340 2309
1532 4812
1764 3533
4625 4844
3044 2350
1623 4734
1916 3814
3361 3014
2802 866
3581 39
1441 4886
4746 1376
2972 2391
4852 208
1088 4627
1967 4295
1666 3567
2979 3367
3065 2791
3204 3155
1183 4066
4701 836
4727 4150
4491 69
4763 4843
4385 1989
1002 4785
519 4633
1860 2772
698 4424
4722 4903
4008 1340
2845 3565
1239 3002
2089 1732
2359 2218
2154 3696
1347 4413
306 3716
2332 3623
2266 4317
3394 1533
2466 2905
2042 4562
2425 3410
2710 2153
4429 1058
2801 1735
2530 3741
3775 2657
1386 4352
2718 3043
750 3491
4305 1127
3791 1155
1833 3862
3047 3190
3195 3168
1560 2775
4304 4275
2339 3574
3772 2687
4665 4176
4851 4718
2936 3395
1439 3811
1828 4446
90 3899
3056 3341
3572 53
4141 1977
1870 3827
4789 4736
1153 4613
5000 3923
2001 2569
4876 1591
614 3943
1047 4709
1781 3479
741 3736
3095 637
1952 4346
910 4822
1886 4403
3074 2294
1940 2583
1422 2552
2222 4324
3980 4605
4747 4112
1872 4678
4376 1992
2927 1442
3640 2417
2735 2633
1172 4118
4265 1150
2935 1438
4808 458
708 3783
824 3723
1955 3759
1629 4690
4083 2083
2568 1126
1953 2412
3248 1677
2594 3618
1415 4271
3693 2726
2231 3669
419 4769
3295 2640
4741 4117
4296 140
2822 2597
2717 3887
3818 4937
4587 4211
4147 791
2556 1923
1723 2669
919 3605
3022 3346
1259 3432
4009 4474
4034 4445
1237 207
2738 3879
1790 2912
3046 2325
2516 2778
4935 3942
1939 2649
311 3708
2152 2454
3018 651
4956 1140
3013 3251
4464 4266
2188 4349
2790 3448
3897 1025
2536 3212
3764 542
3810 4944
3126 1205
516 3646
978 4799
4982 1106
950 4294
3004 2881
857 4351
1310 4451
1914 3316
4863 1203
2987 2934
2964 2989
363 3704
4146 4328
2819 845
3122 1331
2337 4227
2857 1504
2894 2488
220 4947
2572 3161
1488 4867
3556 1729
2664 3028
4810 1633
3317 1576
2075 3758
3541 1770
2795 3798
838 3084
1562 4848
1805 3901
523 4631
2278 2994
3900 4688
2237 3009
2080 3721
3270 1676
3026 3211
2119 4387
2280 4299
1802 4681
4012 1333
3745 1249
4692 1687
1019 293
267 4229
4862 4730
4085 844
200 4251
3871 2577
2596 2746
3143 1782
1876 4416
4676 843
2136 3712
1668 4100
2982 2366
4370 728
3880 4781
3534 2843
3991 2190
4254 169
2187 4111
361 4092
811 597
3902 945
3688 1296
1739 3970
4490 4225
1145 4618
3674 1614
1178 4070
1457 4169
395 995
221 4247
4015 1270
64 1349
4529 1785
2000 4593
2690 3930
1722 4571
4875 4706
3158 1708
3278 1660
1588 4823
2496 3300
4674 4923
4770 4749
1683 4657
3839 4850
3742 2699
4161 1262
4907 4698
1926 3789
2402 2206
3601 1714
3097 2764
515 4663
991 4250
2625 3969
4237 1882
2579 3667
1718 4641
2953 3385
2064 4256
2804 1694
3154 2104
4362 98
2070 3218
4170 2314
3874 2276
4360 2019
1338 4439
4668 4753
2691 3061
3123 2172
4932 3985
3430 2990
4282 2157
4591 1007
2654 2682
2431 4148
4825 4719
421 555
3743 1508
941 485
1618 3609
3453 738
4824 737
2306 4269
4831 297
4220 1151
2779 3826
4644 4756
4933 163
1213 4039
3513 2910
4550 4991
4090 2018
3165 1136
3500 2503
3291 3087
2985 2941
1917 4656
4659 1703
3079 3167
3695 1534
2053 4555
2672 3100
3633 2435
4604 4182
3035 2839
4866 1603
3854 4847
3506 2479
4942 1528
2861 3537
3881 2554
3516 2904
4964 1124
4653 1720
2160 4132
3896 1418
3903 2252
4347 1121
4948 4622
3243 3118
4846 4750
2439 2032
1396 4669
1765 3921
2862 3364
2497 2872
4976 692
2166 4356
4280 155
4187 2299
4498 1673
1832 4489
1180 4563
4087 4414
2234 3655
4782 4837
4790 4828
4074 4422
1477 4869
3049 1359
2356 3493
4127 2348
4635 4760
4815 4783
4696 4920
572 4572
4230 1883
1963 4343
1719 4573
3895 4716
4428 1737
391 4037
3386 1831
1407 4925
1688 4645
4720 4910
4096 4371
2232 3660
1817 4519
