500 0 138 0 93 0:0:334
1000 0 138 0 120 0:0:346
5000 0 138 0 147 0:0:344
10000 0 138 0 174 0:0:354
20000 0 138 0 201 0:0:348
30000 0 138 0 228 0:0:345
40000 0 138 0 255 0:0:343
50000 0 138 0 282 0:0:348
500 0 276 0 321 0:0:523
1000 0 276 0 375 0:0:631
5000 0 276 0 429 0:0:636
10000 0 276 0 483 0:0:642
20000 0 276 0 537 0:0:635
30000 0 276 0 591 0:0:649
40000 0 276 0 645 0:0:644
50000 0 276 0 699 0:0:656
500 0 414 0 747 0:0:615
1000 0 414 0 819 0:0:869
5000 0 414 0 891 0:0:865
10000 0 414 0 963 0:0:862
20000 0 414 0 1035 0:0:895
30000 0 414 0 1107 0:0:866
40000 0 414 0 1179 0:0:868
50000 0 414 0 1251 0:0:913
