500 500 150 130 13861245 0:3:21
500 1000 150 130 13902819 0:3:41
500 5000 150 130 13944492 0:3:81
500 10000 150 130 13986165 0:3:64
500 20000 150 130 14027838 0:3:98
500 30000 150 130 14069511 0:3:69
500 40000 150 130 14111184 0:3:100
500 50000 150 130 14152857 0:3:47
1000 500 150 130 14194518 0:3:193
1000 1000 150 130 14236179 0:3:171
1000 5000 150 130 14277939 0:3:196
1000 10000 150 130 14319699 0:3:275
1000 20000 150 130 14361459 0:3:188
1000 30000 150 130 14403219 0:3:175
1000 40000 150 130 14444979 0:3:192
1000 50000 150 130 14486739 0:3:270
5000 500 150 130 14528531 0:3:375
5000 1000 150 130 14570323 0:3:394
5000 5000 150 130 14612212 0:3:382
5000 10000 150 130 14654101 0:3:436
5000 20000 150 130 14695990 0:3:397
5000 30000 150 130 14737879 0:3:406
5000 40000 150 130 14779768 0:3:462
5000 50000 150 130 14821657 0:3:463
10000 500 150 130 14863449 0:3:424
10000 1000 150 130 14905241 0:3:333
10000 5000 150 130 14947130 0:3:392
10000 10000 150 130 14989019 0:3:411
10000 20000 150 130 15030908 0:3:400
10000 30000 150 130 15072797 0:3:434
10000 40000 150 130 15114686 0:3:382
10000 50000 150 130 15156575 0:3:445
20000 500 150 130 15198367 0:3:354
20000 1000 150 130 15240159 0:3:330
20000 5000 150 130 15282048 0:3:426
20000 10000 150 130 15323937 0:3:452
20000 20000 150 130 15365826 0:3:426
20000 30000 150 130 15407715 0:3:390
20000 40000 150 130 15449604 0:3:457
20000 50000 150 130 15491493 0:3:408
30000 500 150 130 15533285 0:3:359
30000 1000 150 130 15575077 0:3:368
30000 5000 150 130 15616966 0:3:445
30000 10000 150 130 15658855 0:3:441
30000 20000 150 130 15700744 0:3:426
30000 30000 150 130 15742633 0:3:466
30000 40000 150 130 15784522 0:3:423
30000 50000 150 130 15826411 0:3:407
40000 500 150 130 15868203 0:3:396
40000 1000 150 130 15909995 0:3:423
40000 5000 150 130 15951884 0:3:485
40000 10000 150 130 15993773 0:3:427
40000 20000 150 130 16035662 0:3:459
40000 30000 150 130 16077551 0:3:434
40000 40000 150 130 16119440 0:3:376
40000 50000 150 130 16161329 0:3:445
50000 500 150 130 16203121 0:3:340
50000 1000 150 130 16244913 0:3:374
50000 5000 150 130 16286802 0:3:433
50000 10000 150 130 16328691 0:3:400
50000 20000 150 130 16370580 0:3:406
50000 30000 150 130 16412469 0:3:377
50000 40000 150 130 16454358 0:3:406
50000 50000 150 130 16496247 0:3:485
500 500 150 260 16537813 0:4:604
500 1000 150 260 16579379 0:4:539
500 5000 150 260 16620957 0:4:914
500 10000 150 260 16662535 0:4:823
500 20000 150 260 16704113 0:4:937
500 30000 150 260 16745691 0:4:874
500 40000 150 260 16787269 0:4:830
500 50000 150 260 16828847 0:4:816
1000 500 150 260 16870500 0:4:788
1000 1000 150 260 16912153 0:4:692
1000 5000 150 260 16953818 0:4:984
1000 10000 150 260 16995483 0:5:48
1000 20000 150 260 17037148 0:4:981
1000 30000 150 260 17078813 0:4:967
1000 40000 150 260 17120478 0:5:10
1000 50000 150 260 17162143 0:5:32
5000 500 150 260 17203927 0:4:883
5000 1000 150 260 17245711 0:4:883
5000 5000 150 260 17287505 0:5:296
5000 10000 150 260 17329299 0:5:322
5000 20000 150 260 17371093 0:5:288
5000 30000 150 260 17412887 0:5:183
5000 40000 150 260 17454681 0:5:179
5000 50000 150 260 17496475 0:5:254
10000 500 150 260 17538259 0:4:915
10000 1000 150 260 17580043 0:4:923
10000 5000 150 260 17621837 0:5:203
10000 10000 150 260 17663631 0:5:163
10000 20000 150 260 17705425 0:5:179
10000 30000 150 260 17747219 0:5:199
10000 40000 150 260 17789013 0:5:249
10000 50000 150 260 17830807 0:5:154
20000 500 150 260 17872591 0:4:881
20000 1000 150 260 17914375 0:4:990
20000 5000 150 260 17956169 0:5:242
20000 10000 150 260 17997963 0:5:202
20000 20000 150 260 18039757 0:5:168
20000 30000 150 260 18081551 0:5:151
20000 40000 150 260 18123345 0:5:180
20000 50000 150 260 18165139 0:5:244
30000 500 150 260 18206923 0:4:916
30000 1000 150 260 18248707 0:5:17
30000 5000 150 260 18290501 0:5:167
30000 10000 150 260 18332295 0:5:161
30000 20000 150 260 18374089 0:5:200
30000 30000 150 260 18415883 0:5:256
30000 40000 150 260 18457677 0:5:194
30000 50000 150 260 18499471 0:5:147
40000 500 150 260 18541255 0:4:909
40000 1000 150 260 18583039 0:5:17
40000 5000 150 260 18624833 0:5:187
40000 10000 150 260 18666627 0:5:159
40000 20000 150 260 18708421 0:5:146
40000 30000 150 260 18750215 0:5:209
40000 40000 150 260 18792009 0:5:199
40000 50000 150 260 18833803 0:5:218
50000 500 150 260 18875587 0:4:919
50000 1000 150 260 18917371 0:4:926
50000 5000 150 260 18959165 0:5:150
50000 10000 150 260 19000959 0:5:287
50000 20000 150 260 19042753 0:5:185
50000 30000 150 260 19084547 0:5:171
50000 40000 150 260 19126341 0:5:171
50000 50000 150 260 19168135 0:5:159
500 500 150 390 19209562 0:5:956
500 1000 150 390 19250989 0:5:988
500 5000 150 390 19292470 0:6:315
500 10000 150 390 19333951 0:6:388
500 20000 150 390 19375432 0:6:336
500 30000 150 390 19416913 0:6:304
500 40000 150 390 19458394 0:6:381
500 50000 150 390 19499875 0:6:331
1000 500 150 390 19541389 0:6:116
1000 1000 150 390 19582903 0:6:80
1000 5000 150 390 19624471 0:6:509
1000 10000 150 390 19666039 0:6:561
1000 20000 150 390 19707607 0:6:489
1000 30000 150 390 19749175 0:6:658
1000 40000 150 390 19790743 0:6:458
1000 50000 150 390 19832311 0:6:424
5000 500 150 390 19873956 0:6:246
5000 1000 150 390 19915601 0:6:252
5000 5000 150 390 19957298 0:6:905
5000 10000 150 390 19998995 0:6:779
5000 20000 150 390 20040692 0:6:634
5000 30000 150 390 20082389 0:6:642
5000 40000 150 390 20124086 0:6:654
5000 50000 150 390 20165783 0:6:668
10000 500 150 390 20207428 0:6:380
10000 1000 150 390 20249073 0:6:251
10000 5000 150 390 20290770 0:6:693
10000 10000 150 390 20332467 0:6:680
10000 20000 150 390 20374164 0:6:824
10000 30000 150 390 20415861 0:6:805
10000 40000 150 390 20457558 0:6:669
10000 50000 150 390 20499255 0:6:654
20000 500 150 390 20540900 0:6:227
20000 1000 150 390 20582545 0:6:208
20000 5000 150 390 20624242 0:6:628
20000 10000 150 390 20665939 0:6:794
20000 20000 150 390 20707636 0:6:840
20000 30000 150 390 20749333 0:6:661
20000 40000 150 390 20791030 0:6:628
20000 50000 150 390 20832727 0:6:642
30000 500 150 390 20874372 0:6:253
30000 1000 150 390 20916017 0:6:373
30000 5000 150 390 20957714 0:6:695
30000 10000 150 390 20999411 0:6:671
30000 20000 150 390 21041108 0:6:647
30000 30000 150 390 21082805 0:6:770
30000 40000 150 390 21124502 0:6:719
30000 50000 150 390 21166199 0:6:782
40000 500 150 390 21207844 0:6:235
40000 1000 150 390 21249489 0:6:234
40000 5000 150 390 21291186 0:6:648
40000 10000 150 390 21332883 0:6:686
40000 20000 150 390 21374580 0:6:653
40000 30000 150 390 21416277 0:6:808
40000 40000 150 390 21457974 0:6:729
40000 50000 150 390 21499671 0:6:700
50000 500 150 390 21541316 0:6:272
50000 1000 150 390 21582961 0:6:230
50000 5000 150 390 21624658 0:6:751
50000 10000 150 390 21666355 0:6:783
50000 20000 150 390 21708052 0:6:647
50000 30000 150 390 21749749 0:6:667
50000 40000 150 390 21791446 0:6:770
50000 50000 150 390 21833143 0:6:780
500 500 300 130 21874558 0:3:629
500 1000 300 130 21915973 0:3:576
500 5000 300 130 21957487 0:3:690
500 10000 300 130 21999001 0:3:666
500 20000 300 130 22040515 0:3:632
500 30000 300 130 22082029 0:3:644
500 40000 300 130 22123543 0:3:603
500 50000 300 130 22165057 0:3:670
1000 500 300 130 22206324 0:4:114
1000 1000 300 130 22247591 0:4:72
1000 5000 300 130 22288957 0:4:71
1000 10000 300 130 22330323 0:4:121
1000 20000 300 130 22371689 0:4:82
1000 30000 300 130 22413055 0:4:41
1000 40000 300 130 22454421 0:4:72
1000 50000 300 130 22495787 0:4:117
5000 500 300 130 22536845 0:4:904
5000 1000 300 130 22577903 0:4:917
5000 5000 300 130 22619059 0:4:935
5000 10000 300 130 22660215 0:4:934
5000 20000 300 130 22701371 0:5:67
5000 30000 300 130 22742527 0:5:0
5000 40000 300 130 22783683 0:5:18
5000 50000 300 130 22824839 0:4:980
10000 500 300 130 22865897 0:5:13
10000 1000 300 130 22906955 0:4:941
10000 5000 300 130 22948111 0:4:960
10000 10000 300 130 22989267 0:4:938
10000 20000 300 130 23030423 0:5:34
10000 30000 300 130 23071579 0:4:972
10000 40000 300 130 23112735 0:5:17
10000 50000 300 130 23153891 0:4:964
20000 500 300 130 23194949 0:4:902
20000 1000 300 130 23236007 0:4:875
20000 5000 300 130 23277163 0:4:984
20000 10000 300 130 23318319 0:4:927
20000 20000 300 130 23359475 0:5:70
20000 30000 300 130 23400631 0:4:966
20000 40000 300 130 23441787 0:4:989
20000 50000 300 130 23482943 0:4:922
30000 500 300 130 23524001 0:4:881
30000 1000 300 130 23565059 0:4:922
30000 5000 300 130 23606215 0:4:972
30000 10000 300 130 23647371 0:5:3
30000 20000 300 130 23688527 0:5:1
30000 30000 300 130 23729683 0:4:999
30000 40000 300 130 23770839 0:4:946
30000 50000 300 130 23811995 0:4:937
40000 500 300 130 23853053 0:4:875
40000 1000 300 130 23894111 0:4:967
40000 5000 300 130 23935267 0:4:995
40000 10000 300 130 23976423 0:4:922
40000 20000 300 130 24017579 0:4:972
40000 30000 300 130 24058735 0:4:941
40000 40000 300 130 24099891 0:4:950
40000 50000 300 130 24141047 0:4:910
50000 500 300 130 24182105 0:4:961
50000 1000 300 130 24223163 0:4:927
50000 5000 300 130 24264319 0:4:934
50000 10000 300 130 24305475 0:4:991
50000 20000 300 130 24346631 0:4:962
50000 30000 300 130 24387787 0:4:975
50000 40000 300 130 24428943 0:4:951
50000 50000 300 130 24470099 0:4:966
500 500 300 260 24511506 0:5:93
500 1000 300 260 24552913 0:5:95
500 5000 300 260 24594332 0:5:356
500 10000 300 260 24635751 0:5:366
500 20000 300 260 24677170 0:5:408
500 30000 300 260 24718589 0:5:344
500 40000 300 260 24760008 0:5:369
500 50000 300 260 24801427 0:5:348
1000 500 300 260 24842686 0:5:589
1000 1000 300 260 24883945 0:5:586
1000 5000 300 260 24925216 0:5:825
1000 10000 300 260 24966487 0:5:821
1000 20000 300 260 25007758 0:5:791
1000 30000 300 260 25049029 0:5:802
1000 40000 300 260 25090300 0:5:890
1000 50000 300 260 25131571 0:5:798
5000 500 300 260 25172621 0:6:429
5000 1000 300 260 25213671 0:6:403
5000 5000 300 260 25254732 0:6:746
5000 10000 300 260 25295793 0:6:700
5000 20000 300 260 25336854 0:6:725
5000 30000 300 260 25377915 0:6:700
5000 40000 300 260 25418976 0:6:789
5000 50000 300 260 25460037 0:6:751
10000 500 300 260 25501087 0:6:458
10000 1000 300 260 25542137 0:6:420
10000 5000 300 260 25583198 0:6:670
10000 10000 300 260 25624259 0:6:804
10000 20000 300 260 25665320 0:6:723
10000 30000 300 260 25706381 0:6:744
10000 40000 300 260 25747442 0:6:666
10000 50000 300 260 25788503 0:6:779
20000 500 300 260 25829553 0:6:537
20000 1000 300 260 25870603 0:6:423
20000 5000 300 260 25911664 0:6:683
20000 10000 300 260 25952725 0:6:780
20000 20000 300 260 25993786 0:6:754
20000 30000 300 260 26034847 0:6:722
20000 40000 300 260 26075908 0:6:822
20000 50000 300 260 26116969 0:6:682
30000 500 300 260 26158019 0:6:385
30000 1000 300 260 26199069 0:6:435
30000 5000 300 260 26240130 0:6:704
30000 10000 300 260 26281191 0:6:761
30000 20000 300 260 26322252 0:6:660
30000 30000 300 260 26363313 0:6:679
30000 40000 300 260 26404374 0:6:833
30000 50000 300 260 26445435 0:6:684
40000 500 300 260 26486485 0:6:433
40000 1000 300 260 26527535 0:6:419
40000 5000 300 260 26568596 0:6:672
40000 10000 300 260 26609657 0:6:673
40000 20000 300 260 26650718 0:6:684
40000 30000 300 260 26691779 0:6:670
40000 40000 300 260 26732840 0:6:679
40000 50000 300 260 26773901 0:6:718
50000 500 300 260 26814951 0:6:591
50000 1000 300 260 26856001 0:6:458
50000 5000 300 260 26897062 0:6:808
50000 10000 300 260 26938123 0:6:809
50000 20000 300 260 26979184 0:6:694
50000 30000 300 260 27020245 0:6:664
50000 40000 300 260 27061306 0:6:859
50000 50000 300 260 27102367 0:6:674
500 500 300 390 27143635 0:6:465
500 1000 300 390 27184903 0:6:462
500 5000 300 390 27226225 0:6:867
500 10000 300 390 27267547 0:6:902
500 20000 300 390 27308869 0:6:836
500 30000 300 390 27350191 0:7:32
500 40000 300 390 27391513 0:6:862
500 50000 300 390 27432835 0:6:835
1000 500 300 390 27473955 0:6:900
1000 1000 300 390 27515075 0:6:900
1000 5000 300 390 27556249 0:7:350
1000 10000 300 390 27597423 0:7:453
1000 20000 300 390 27638597 0:7:333
1000 30000 300 390 27679771 0:7:333
1000 40000 300 390 27720945 0:7:378
1000 50000 300 390 27762119 0:7:299
5000 500 300 390 27803030 0:7:860
5000 1000 300 390 27843941 0:7:849
5000 5000 300 390 27884905 0:8:204
5000 10000 300 390 27925869 0:8:217
5000 20000 300 390 27966833 0:8:313
5000 30000 300 390 28007797 0:8:168
5000 40000 300 390 28048761 0:8:177
5000 50000 300 390 28089725 0:8:198
10000 500 300 390 28130636 0:7:921
10000 1000 300 390 28171547 0:7:861
10000 5000 300 390 28212511 0:8:211
10000 10000 300 390 28253475 0:8:250
10000 20000 300 390 28294439 0:8:388
10000 30000 300 390 28335403 0:8:211
10000 40000 300 390 28376367 0:8:181
10000 50000 300 390 28417331 0:8:165
20000 500 300 390 28458242 0:7:757
20000 1000 300 390 28499153 0:7:885
20000 5000 300 390 28540117 0:8:234
20000 10000 300 390 28581081 0:8:370
20000 20000 300 390 28622045 0:8:184
20000 30000 300 390 28663009 0:8:204
20000 40000 300 390 28703973 0:8:352
20000 50000 300 390 28744937 0:8:190
30000 500 300 390 28785848 0:7:802
30000 1000 300 390 28826759 0:7:847
30000 5000 300 390 28867723 0:8:210
30000 10000 300 390 28908687 0:8:178
30000 20000 300 390 28949651 0:8:154
30000 30000 300 390 28990615 0:8:269
30000 40000 300 390 29031579 0:8:198
30000 50000 300 390 29072543 0:8:196
40000 500 300 390 29113454 0:7:822
40000 1000 300 390 29154365 0:7:829
40000 5000 300 390 29195329 0:8:286
40000 10000 300 390 29236293 0:8:204
40000 20000 300 390 29277257 0:8:294
40000 30000 300 390 29318221 0:8:311
40000 40000 300 390 29359185 0:8:168
40000 50000 300 390 29400149 0:8:192
50000 500 300 390 29441060 0:7:856
50000 1000 300 390 29481971 0:7:918
50000 5000 300 390 29522935 0:8:181
50000 10000 300 390 29563899 0:8:244
50000 20000 300 390 29604863 0:8:226
50000 30000 300 390 29645827 0:8:169
50000 40000 300 390 29686791 0:8:257
50000 50000 300 390 29727755 0:8:271
500 500 450 130 29769040 0:3:713
500 1000 450 130 29810325 0:3:753
500 5000 450 130 29851709 0:3:777
500 10000 450 130 29893093 0:3:834
500 20000 450 130 29934477 0:3:846
500 30000 450 130 29975861 0:3:813
500 40000 450 130 30017245 0:3:876
500 50000 450 130 30058629 0:3:836
1000 500 450 130 30099474 0:4:573
1000 1000 450 130 30140319 0:4:590
1000 5000 450 130 30181263 0:4:619
1000 10000 450 130 30222207 0:4:579
1000 20000 450 130 30263151 0:4:578
1000 30000 450 130 30304095 0:4:609
1000 40000 450 130 30345039 0:4:665
1000 50000 450 130 30385983 0:4:559
5000 500 450 130 30426280 0:6:495
5000 1000 450 130 30466577 0:6:362
5000 5000 450 130 30506971 0:6:476
5000 10000 450 130 30547365 0:6:414
5000 20000 450 130 30587759 0:6:473
5000 30000 450 130 30628153 0:6:389
5000 40000 450 130 30668547 0:6:417
5000 50000 450 130 30708941 0:6:399
10000 500 450 130 30749238 0:6:339
10000 1000 450 130 30789535 0:6:379
10000 5000 450 130 30829929 0:6:428
10000 10000 450 130 30870323 0:6:380
10000 20000 450 130 30910717 0:6:425
10000 30000 450 130 30951111 0:6:427
10000 40000 450 130 30991505 0:6:409
10000 50000 450 130 31031899 0:6:454
20000 500 450 130 31072196 0:6:458
20000 1000 450 130 31112493 0:6:356
20000 5000 450 130 31152887 0:6:451
20000 10000 450 130 31193281 0:6:400
20000 20000 450 130 31233675 0:6:392
20000 30000 450 130 31274069 0:6:401
20000 40000 450 130 31314463 0:6:419
20000 50000 450 130 31354857 0:6:483
30000 500 450 130 31395154 0:6:324
30000 1000 450 130 31435451 0:6:411
30000 5000 450 130 31475845 0:6:418
30000 10000 450 130 31516239 0:6:419
30000 20000 450 130 31556633 0:6:555
30000 30000 450 130 31597027 0:6:499
30000 40000 450 130 31637421 0:6:573
30000 50000 450 130 31677815 0:6:522
40000 500 450 130 31718112 0:6:374
40000 1000 450 130 31758409 0:6:375
40000 5000 450 130 31798803 0:6:459
40000 10000 450 130 31839197 0:6:532
40000 20000 450 130 31879591 0:6:429
40000 30000 450 130 31919985 0:6:430
40000 40000 450 130 31960379 0:6:481
40000 50000 450 130 32000773 0:6:397
50000 500 450 130 32041070 0:6:367
50000 1000 450 130 32081367 0:6:480
50000 5000 450 130 32121761 0:6:590
50000 10000 450 130 32162155 0:6:485
50000 20000 450 130 32202549 0:6:420
50000 30000 450 130 32242943 0:6:497
50000 40000 450 130 32283337 0:6:407
50000 50000 450 130 32323731 0:6:671
500 500 450 260 32365008 0:5:305
500 1000 450 260 32406285 0:5:324
500 5000 450 260 32447574 0:5:575
500 10000 450 260 32488863 0:5:536
500 20000 450 260 32530152 0:5:555
500 30000 450 260 32571441 0:5:546
500 40000 450 260 32612730 0:5:534
500 50000 450 260 32654019 0:5:668
1000 500 450 260 32694856 0:6:207
1000 1000 450 260 32735693 0:6:85
1000 5000 450 260 32776542 0:6:317
1000 10000 450 260 32817391 0:6:305
1000 20000 450 260 32858240 0:6:422
1000 30000 450 260 32899089 0:6:313
1000 40000 450 260 32939938 0:6:411
1000 50000 450 260 32980787 0:6:332
5000 500 450 260 33021076 0:7:805
5000 1000 450 260 33061365 0:7:941
5000 5000 450 260 33101664 0:8:296
5000 10000 450 260 33141963 0:8:148
5000 20000 450 260 33182262 0:8:234
5000 30000 450 260 33222561 0:8:120
5000 40000 450 260 33262860 0:8:99
5000 50000 450 260 33303159 0:8:104
10000 500 450 260 33343448 0:7:820
10000 1000 450 260 33383737 0:7:959
10000 5000 450 260 33424036 0:8:226
10000 10000 450 260 33464335 0:8:217
10000 20000 450 260 33504634 0:8:200
10000 30000 450 260 33544933 0:8:72
10000 40000 450 260 33585232 0:8:147
10000 50000 450 260 33625531 0:8:178
20000 500 450 260 33665820 0:7:885
20000 1000 450 260 33706109 0:7:945
20000 5000 450 260 33746408 0:8:118
20000 10000 450 260 33786707 0:8:91
20000 20000 450 260 33827006 0:8:137
20000 30000 450 260 33867305 0:8:121
20000 40000 450 260 33907604 0:8:61
20000 50000 450 260 33947903 0:8:193
30000 500 450 260 33988192 0:7:866
30000 1000 450 260 34028481 0:7:813
30000 5000 450 260 34068780 0:8:102
30000 10000 450 260 34109079 0:8:112
30000 20000 450 260 34149378 0:8:195
30000 30000 450 260 34189677 0:8:283
30000 40000 450 260 34229976 0:8:256
30000 50000 450 260 34270275 0:8:246
40000 500 450 260 34310564 0:7:838
40000 1000 450 260 34350853 0:7:857
40000 5000 450 260 34391152 0:8:140
40000 10000 450 260 34431451 0:8:164
40000 20000 450 260 34471750 0:8:90
40000 30000 450 260 34512049 0:8:201
40000 40000 450 260 34552348 0:8:125
40000 50000 450 260 34592647 0:8:91
50000 500 450 260 34632936 0:7:851
50000 1000 450 260 34673225 0:7:903
50000 5000 450 260 34713524 0:8:92
50000 10000 450 260 34753823 0:8:201
50000 20000 450 260 34794122 0:8:190
50000 30000 450 260 34834421 0:8:160
50000 40000 450 260 34874720 0:8:160
50000 50000 450 260 34915019 0:8:167
500 500 450 390 34956157 0:6:741
500 1000 450 390 34997295 0:6:722
500 5000 450 390 35038487 0:7:61
500 10000 450 390 35079679 0:7:204
500 20000 450 390 35120871 0:7:97
500 30000 450 390 35162063 0:7:39
500 40000 450 390 35203255 0:7:28
500 50000 450 390 35244447 0:7:87
1000 500 450 390 35285145 0:7:509
1000 1000 450 390 35325843 0:7:410
1000 5000 450 390 35366595 0:7:828
1000 10000 450 390 35407347 0:7:893
1000 20000 450 390 35448099 0:8:55
1000 30000 450 390 35488851 0:7:888
1000 40000 450 390 35529603 0:7:933
1000 50000 450 390 35570355 0:7:993
5000 500 450 390 35610505 0:9:226
5000 1000 450 390 35650655 0:9:250
5000 5000 450 390 35690857 0:9:575
5000 10000 450 390 35731059 0:9:576
5000 20000 450 390 35771261 0:9:550
5000 30000 450 390 35811463 0:9:682
5000 40000 450 390 35851665 0:9:824
5000 50000 450 390 35891867 0:9:586
10000 500 450 390 35932017 0:9:338
10000 1000 450 390 35972167 0:9:168
10000 5000 450 390 36012369 0:9:730
10000 10000 450 390 36052571 0:9:782
10000 20000 450 390 36092773 0:9:862
10000 30000 450 390 36132975 0:9:621
10000 40000 450 390 36173177 0:9:735
10000 50000 450 390 36213379 0:9:671
20000 500 450 390 36253529 0:9:219
20000 1000 450 390 36293679 0:9:211
20000 5000 450 390 36333881 0:9:636
20000 10000 450 390 36374083 0:9:694
20000 20000 450 390 36414285 0:9:686
20000 30000 450 390 36454487 0:9:680
20000 40000 450 390 36494689 0:9:605
20000 50000 450 390 36534891 0:9:687
30000 500 450 390 36575041 0:9:270
30000 1000 450 390 36615191 0:9:222
30000 5000 450 390 36655393 0:9:640
30000 10000 450 390 36695595 0:9:627
30000 20000 450 390 36735797 0:9:611
30000 30000 450 390 36775999 0:9:679
30000 40000 450 390 36816201 0:9:612
30000 50000 450 390 36856403 0:9:588
40000 500 450 390 36896553 0:9:487
40000 1000 450 390 36936703 0:9:313
40000 5000 450 390 36976905 0:9:567
40000 10000 450 390 37017107 0:9:658
40000 20000 450 390 37057309 0:9:865
40000 30000 450 390 37097511 0:9:672
40000 40000 450 390 37137713 0:9:874
40000 50000 450 390 37177915 0:9:676
50000 500 450 390 37218065 0:9:230
50000 1000 450 390 37258215 0:9:165
50000 5000 450 390 37298417 0:9:746
50000 10000 450 390 37338619 0:9:660
50000 20000 450 390 37378821 0:9:629
50000 30000 450 390 37419023 0:9:649
50000 40000 450 390 37459225 0:9:618
50000 50000 450 390 37499427 0:9:606
