0 500 0 138 219572379 0:0:434
0 1000 0 138 219576006 0:0:429
0 5000 0 138 219579633 0:0:444
0 10000 0 138 219583260 0:0:426
0 20000 0 138 219586887 0:0:426
0 30000 0 138 219590514 0:0:426
0 40000 0 138 219594141 0:0:429
0 50000 0 138 219597768 0:0:427
0 500 0 276 219601476 0:0:609
0 1000 0 276 219605184 0:0:597
0 5000 0 276 219608892 0:0:600
0 10000 0 276 219612600 0:0:607
0 20000 0 276 219616308 0:0:598
0 30000 0 276 219620016 0:0:596
0 40000 0 276 219623724 0:0:596
0 50000 0 276 219627432 0:0:597
0 500 0 414 219631179 0:0:647
0 1000 0 414 219634926 0:0:658
0 5000 0 414 219638673 0:0:659
0 10000 0 414 219642420 0:0:659
0 20000 0 414 219646167 0:0:643
0 30000 0 414 219649914 0:0:641
0 40000 0 414 219653661 0:0:639
0 50000 0 414 219657408 0:0:658
