0 500 0 138 219561944 0:0:16
0 1000 0 138 219562240 0:0:9
0 5000 0 138 219562536 0:0:10
0 10000 0 138 219562832 0:0:9
0 20000 0 138 219563128 0:0:8
0 30000 0 138 219563424 0:0:8
0 40000 0 138 219563720 0:0:9
0 50000 0 138 219564016 0:0:9
0 500 0 276 219564312 0:0:9
0 1000 0 276 219564608 0:0:9
0 5000 0 276 219564904 0:0:9
0 10000 0 276 219565200 0:0:8
0 20000 0 276 219565496 0:0:10
0 30000 0 276 219565792 0:0:8
0 40000 0 276 219566088 0:0:9
0 50000 0 276 219566384 0:0:9
0 500 0 414 219566680 0:0:9
0 1000 0 414 219566976 0:0:9
0 5000 0 414 219567272 0:0:9
0 10000 0 414 219567568 0:0:8
0 20000 0 414 219567864 0:0:9
0 30000 0 414 219568160 0:0:9
0 40000 0 414 219568456 0:0:9
0 50000 0 414 219568752 0:0:7
