500 0 138 0 1392 0:1:770
1000 0 138 0 1545 0:1:780
5000 0 138 0 1710 0:1:851
10000 0 138 0 1875 0:1:885
20000 0 138 0 2040 0:1:841
30000 0 138 0 2205 0:1:858
40000 0 138 0 2370 0:1:936
50000 0 138 0 2535 0:1:851
500 0 276 0 2814 0:3:149
1000 0 276 0 3111 0:3:259
5000 0 276 0 3450 0:3:652
10000 0 276 0 3789 0:3:692
20000 0 276 0 4128 0:3:726
30000 0 276 0 4467 0:3:744
40000 0 276 0 4806 0:3:688
50000 0 276 0 5145 0:3:700
500 0 414 0 5490 0:4:256
1000 0 414 0 5847 0:4:432
5000 0 414 0 6276 0:5:471
10000 0 414 0 6705 0:5:739
20000 0 414 0 7134 0:5:728
30000 0 414 0 7563 0:5:497
40000 0 414 0 7992 0:5:507
50000 0 414 0 8421 0:5:497
