0 500 0 138 220161884 0:5:279
0 1000 0 138 220199228 0:5:453
0 5000 0 138 220236848 0:5:438
0 10000 0 138 220274468 0:5:531
0 20000 0 138 220312088 0:5:554
0 30000 0 138 220349708 0:5:380
0 40000 0 138 220387328 0:5:429
0 50000 0 138 220424948 0:5:369
0 500 0 276 220464294 0:9:997
0 1000 0 276 220503640 0:9:951
0 5000 0 276 220543203 0:10:263
0 10000 0 276 220582766 0:10:262
0 20000 0 276 220622329 0:10:312
0 30000 0 276 220661892 0:10:653
0 40000 0 276 220701455 0:10:544
0 50000 0 276 220741018 0:10:367
0 500 0 414 220781380 0:13:874
0 1000 0 414 220821742 0:14:217
0 5000 0 414 220862502 0:14:708
0 10000 0 414 220903262 0:14:691
0 20000 0 414 220944022 0:15:272
0 30000 0 414 220984782 0:14:991
0 40000 0 414 221025542 0:15:402
0 50000 0 414 221066302 0:14:707
