500 0 138 0 62838 0:18:340
1000 0 138 0 64263 0:18:229
5000 0 138 0 65694 0:18:544
10000 0 138 0 67131 0:18:459
20000 0 138 0 68568 0:18:805
30000 0 138 0 70011 0:18:433
40000 0 138 0 71454 0:18:585
50000 0 138 0 72897 0:18:616
500 0 276 0 75714 0:36:71
1000 0 276 0 78537 0:36:605
5000 0 276 0 81402 0:36:684
10000 0 276 0 84282 0:36:818
20000 0 276 0 87165 0:36:959
30000 0 276 0 90063 0:37:170
40000 0 276 0 92958 0:37:524
50000 0 276 0 95856 0:37:152
500 0 414 0 100041 0:55:455
1000 0 414 0 104238 0:53:693
5000 0 414 0 108543 0:57:97
10000 0 414 0 112908 0:54:652
20000 0 414 0 117288 0:58:266
30000 0 414 0 121704 0:57:911
40000 0 414 0 126105 0:56:308
50000 0 414 0 130527 0:56:91
