0 500 0 138 219676049 0:2:597
0 1000 0 138 219694690 0:2:656
0 5000 0 138 219713413 0:2:732
0 10000 0 138 219732136 0:2:634
0 20000 0 138 219750859 0:2:642
0 30000 0 138 219769582 0:2:631
0 40000 0 138 219788305 0:2:719
0 50000 0 138 219807028 0:2:700
0 500 0 276 219826489 0:4:647
0 1000 0 276 219845950 0:4:710
0 5000 0 276 219865598 0:4:887
0 10000 0 276 219885246 0:5:78
0 20000 0 276 219904894 0:4:900
0 30000 0 276 219924542 0:4:947
0 40000 0 276 219944190 0:4:889
0 50000 0 276 219963838 0:5:11
0 500 0 414 219983721 0:6:659
0 1000 0 414 220003604 0:6:413
0 5000 0 414 220023760 0:6:991
0 10000 0 414 220043916 0:6:841
0 20000 0 414 220064072 0:6:893
0 30000 0 414 220084228 0:6:816
0 40000 0 414 220104384 0:6:827
0 50000 0 414 220124540 0:6:991
