500 500 150 130 98098467 0:16:292
500 1000 150 130 98308856 0:16:399
500 5000 150 130 98519291 0:16:640
500 10000 150 130 98729726 0:16:808
500 20000 150 130 98940156 0:16:543
500 30000 150 130 99150586 0:16:507
500 40000 150 130 99361016 0:16:439
500 50000 150 130 99571446 0:16:570
1000 500 150 130 99781792 0:16:631
1000 1000 150 130 99992224 0:16:774
1000 5000 150 130 100202702 0:16:460
1000 10000 150 130 100413180 0:16:459
1000 20000 150 130 100623652 0:16:814
1000 30000 150 130 100834124 0:16:719
1000 40000 150 130 101044596 0:16:710
1000 50000 150 130 101255068 0:16:917
5000 500 150 130 101466073 0:16:964
5000 1000 150 130 101677158 0:16:986
5000 5000 150 130 101888289 0:17:79
5000 10000 150 130 102099420 0:17:54
5000 20000 150 130 102310546 0:17:276
5000 30000 150 130 102521672 0:17:217
5000 40000 150 130 102732798 0:17:382
5000 50000 150 130 102943924 0:17:569
10000 500 150 130 103154995 0:17:71
10000 1000 150 130 103366146 0:17:346
10000 5000 150 130 103577343 0:17:210
10000 10000 150 130 103788540 0:17:295
10000 20000 150 130 103999728 0:17:683
10000 30000 150 130 104210916 0:17:422
10000 40000 150 130 104422104 0:17:274
10000 50000 150 130 104633292 0:17:484
20000 500 150 130 104844478 0:17:131
20000 1000 150 130 105055748 0:17:474
20000 5000 150 130 105267064 0:17:769
20000 10000 150 130 105478380 0:17:220
20000 20000 150 130 105689694 0:17:670
20000 30000 150 130 105901008 0:17:490
20000 40000 150 130 106112322 0:17:471
20000 50000 150 130 106323636 0:17:630
30000 500 150 130 106534822 0:17:167
30000 1000 150 130 106746092 0:17:223
30000 5000 150 130 106957408 0:17:267
30000 10000 150 130 107168724 0:17:233
30000 20000 150 130 107380038 0:17:760
30000 30000 150 130 107591352 0:17:523
30000 40000 150 130 107802666 0:17:751
30000 50000 150 130 108013980 0:17:390
40000 500 150 130 108225166 0:17:471
40000 1000 150 130 108436436 0:17:397
40000 5000 150 130 108647752 0:17:577
40000 10000 150 130 108859068 0:17:361
40000 20000 150 130 109070382 0:17:337
40000 30000 150 130 109281696 0:17:533
40000 40000 150 130 109493010 0:17:406
40000 50000 150 130 109704324 0:17:393
50000 500 150 130 109915510 0:17:319
50000 1000 150 130 110126780 0:17:220
50000 5000 150 130 110338096 0:17:358
50000 10000 150 130 110549412 0:17:743
50000 20000 150 130 110760726 0:17:446
50000 30000 150 130 110972040 0:17:448
50000 40000 150 130 111183354 0:17:764
50000 50000 150 130 111394668 0:17:476
500 500 150 260 111604915 0:26:27
500 1000 150 260 111815255 0:26:578
500 5000 150 260 112025657 0:25:933
500 10000 150 260 112236059 0:26:44
500 20000 150 260 112446497 0:26:309
500 30000 150 260 112656935 0:26:555
500 40000 150 260 112867373 0:26:379
500 50000 150 260 113077811 0:26:472
1000 500 150 260 113288095 0:25:683
1000 1000 150 260 113498478 0:26:751
1000 5000 150 260 113708923 0:26:886
1000 10000 150 260 113919368 0:26:939
1000 20000 150 260 114129848 0:26:475
1000 30000 150 260 114340328 0:27:179
1000 40000 150 260 114550808 0:26:638
1000 50000 150 260 114761288 0:26:443
5000 500 150 260 114972231 0:26:408
5000 1000 150 260 115183267 0:26:954
5000 5000 150 260 115394365 0:26:985
5000 10000 150 260 115605463 0:26:715
5000 20000 150 260 115816597 0:27:10
5000 30000 150 260 116027731 0:27:265
5000 40000 150 260 116238865 0:27:686
5000 50000 150 260 116449999 0:27:74
10000 500 150 260 116661008 0:26:621
10000 1000 150 260 116872110 0:27:246
10000 5000 150 260 117083274 0:27:383
10000 10000 150 260 117294438 0:26:762
10000 20000 150 260 117505634 0:27:788
10000 30000 150 260 117716830 0:27:658
10000 40000 150 260 117928026 0:27:314
10000 50000 150 260 118139222 0:27:485
20000 500 150 260 118350346 0:26:569
20000 1000 150 260 118561567 0:26:963
20000 5000 150 260 118772850 0:26:841
20000 10000 150 260 118984133 0:27:431
20000 20000 150 260 119195455 0:27:385
20000 30000 150 260 119406777 0:27:579
20000 40000 150 260 119618099 0:27:305
20000 50000 150 260 119829421 0:27:461
30000 500 150 260 120040545 0:26:729
30000 1000 150 260 120251766 0:27:608
30000 5000 150 260 120463049 0:26:968
30000 10000 150 260 120674332 0:27:131
30000 20000 150 260 120885654 0:27:462
30000 30000 150 260 121096976 0:27:434
30000 40000 150 260 121308298 0:27:397
30000 50000 150 260 121519620 0:27:374
40000 500 150 260 121730744 0:26:533
40000 1000 150 260 121941965 0:27:349
40000 5000 150 260 122153248 0:26:842
40000 10000 150 260 122364531 0:27:135
40000 20000 150 260 122575853 0:27:324
40000 30000 150 260 122787175 0:27:470
40000 40000 150 260 122998497 0:27:588
40000 50000 150 260 123209819 0:27:959
50000 500 150 260 123420943 0:26:552
50000 1000 150 260 123632164 0:26:760
50000 5000 150 260 123843447 0:27:815
50000 10000 150 260 124054730 0:26:888
50000 20000 150 260 124266052 0:28:3
50000 30000 150 260 124477374 0:27:458
50000 40000 150 260 124688696 0:27:321
50000 50000 150 260 124900018 0:27:255
500 500 150 390 125109708 0:34:467
500 1000 150 390 125319492 0:35:981
500 5000 150 390 125529353 0:34:841
500 10000 150 390 125739214 0:36:70
500 20000 150 390 125949208 0:35:879
500 30000 150 390 126159202 0:35:705
500 40000 150 390 126369196 0:36:961
500 50000 150 390 126579190 0:35:901
1000 500 150 390 126788917 0:34:508
1000 1000 150 390 126998744 0:35:942
1000 5000 150 390 127208648 0:35:495
1000 10000 150 390 127418552 0:35:101
1000 20000 150 390 127628588 0:37:314
1000 30000 150 390 127838624 0:35:847
1000 40000 150 390 128048660 0:36:72
1000 50000 150 390 128258696 0:35:939
5000 500 150 390 128469082 0:35:104
5000 1000 150 390 128679562 0:35:943
5000 5000 150 390 128890119 0:35:640
5000 10000 150 390 129100676 0:35:563
5000 20000 150 390 129311366 0:36:614
5000 30000 150 390 129522056 0:36:450
5000 40000 150 390 129732746 0:36:854
5000 50000 150 390 129943436 0:36:810
10000 500 150 390 130153888 0:35:566
10000 1000 150 390 130364434 0:36:295
10000 5000 150 390 130575057 0:35:991
10000 10000 150 390 130785680 0:35:992
10000 20000 150 390 130996432 0:37:499
10000 30000 150 390 131207184 0:36:983
10000 40000 150 390 131417936 0:37:967
10000 50000 150 390 131628688 0:36:921
20000 500 150 390 131839255 0:36:63
20000 1000 150 390 132049920 0:37:8
20000 5000 150 390 132260662 0:36:137
20000 10000 150 390 132471404 0:35:944
20000 20000 150 390 132682282 0:36:986
20000 30000 150 390 132893160 0:36:937
20000 40000 150 390 133104038 0:37:471
20000 50000 150 390 133314916 0:36:923
30000 500 150 390 133525483 0:35:254
30000 1000 150 390 133736148 0:36:287
30000 5000 150 390 133946890 0:37:51
30000 10000 150 390 134157632 0:36:329
30000 20000 150 390 134368510 0:36:969
30000 30000 150 390 134579388 0:37:885
30000 40000 150 390 134790266 0:37:440
30000 50000 150 390 135001144 0:37:207
40000 500 150 390 135211711 0:35:630
40000 1000 150 390 135422376 0:36:92
40000 5000 150 390 135633118 0:36:231
40000 10000 150 390 135843860 0:36:693
40000 20000 150 390 136054738 0:37:679
40000 30000 150 390 136265616 0:37:72
40000 40000 150 390 136476494 0:37:502
40000 50000 150 390 136687372 0:37:801
50000 500 150 390 136897939 0:35:735
50000 1000 150 390 137108604 0:35:907
50000 5000 150 390 137319346 0:36:145
50000 10000 150 390 137530088 0:36:83
50000 20000 150 390 137740966 0:36:778
50000 30000 150 390 137951844 0:36:914
50000 40000 150 390 138162722 0:37:275
50000 50000 150 390 138373600 0:37:65
500 500 300 130 138584735 0:20:204
500 1000 300 130 138795953 0:20:259
500 5000 300 130 139007217 0:20:467
500 10000 300 130 139218481 0:20:291
500 20000 300 130 139429739 0:20:705
500 30000 300 130 139640997 0:20:439
500 40000 300 130 139852255 0:20:462
500 50000 300 130 140063513 0:20:394
1000 500 300 130 140274679 0:20:425
1000 1000 300 130 140485928 0:20:845
1000 5000 300 130 140697223 0:20:517
1000 10000 300 130 140908518 0:20:701
1000 20000 300 130 141119808 0:21:74
1000 30000 300 130 141331098 0:20:931
1000 40000 300 130 141542388 0:20:797
1000 50000 300 130 141753678 0:20:859
5000 500 300 130 141965550 0:23:72
5000 1000 300 130 142177505 0:23:413
5000 5000 300 130 142389506 0:23:657
5000 10000 300 130 142601507 0:23:370
5000 20000 300 130 142813502 0:23:201
5000 30000 300 130 143025497 0:23:164
5000 40000 300 130 143237492 0:23:488
5000 50000 300 130 143449487 0:23:263
10000 500 300 130 143661348 0:23:532
10000 1000 300 130 143873292 0:23:596
10000 5000 300 130 144085282 0:23:933
10000 10000 300 130 144297272 0:23:696
10000 20000 300 130 144509253 0:24:155
10000 30000 300 130 144721234 0:23:943
10000 40000 300 130 144933215 0:23:879
10000 50000 300 130 145145196 0:23:692
20000 500 300 130 145357132 0:24:246
20000 1000 300 130 145569150 0:23:986
20000 5000 300 130 145781214 0:23:938
20000 10000 300 130 145993278 0:24:769
20000 20000 300 130 146205339 0:24:495
20000 30000 300 130 146417400 0:24:227
20000 40000 300 130 146629461 0:24:677
20000 50000 300 130 146841522 0:24:140
30000 500 300 130 147053458 0:23:864
30000 1000 300 130 147265476 0:24:250
30000 5000 300 130 147477540 0:23:956
30000 10000 300 130 147689604 0:24:391
30000 20000 300 130 147901665 0:24:314
30000 30000 300 130 148113726 0:24:119
30000 40000 300 130 148325787 0:24:836
30000 50000 300 130 148537848 0:24:447
40000 500 300 130 148749784 0:24:228
40000 1000 300 130 148961802 0:24:173
40000 5000 300 130 149173866 0:24:535
40000 10000 300 130 149385930 0:24:190
40000 20000 300 130 149597991 0:24:88
40000 30000 300 130 149810052 0:24:16
40000 40000 300 130 150022113 0:24:425
40000 50000 300 130 150234174 0:24:634
50000 500 300 130 150446110 0:23:938
50000 1000 300 130 150658128 0:23:859
50000 5000 300 130 150870192 0:24:75
50000 10000 300 130 151082256 0:24:386
50000 20000 300 130 151294317 0:24:397
50000 30000 300 130 151506378 0:24:147
50000 40000 300 130 151718439 0:24:274
50000 50000 300 130 151930500 0:24:514
500 500 300 260 152141573 0:29:892
500 1000 300 260 152352742 0:30:556
500 5000 300 260 152563973 0:29:951
500 10000 300 260 152775204 0:29:986
500 20000 300 260 152986470 0:30:980
500 30000 300 260 153197736 0:30:523
500 40000 300 260 153409002 0:30:454
500 50000 300 260 153620268 0:30:404
1000 500 300 260 153831372 0:30:636
1000 1000 300 260 154042572 0:30:313
1000 5000 300 260 154253834 0:30:158
1000 10000 300 260 154465096 0:30:213
1000 20000 300 260 154676394 0:30:834
1000 30000 300 260 154887692 0:31:189
1000 40000 300 260 155098990 0:31:565
1000 50000 300 260 155310288 0:30:841
5000 500 300 260 155522098 0:32:768
5000 1000 300 260 155734004 0:32:851
5000 5000 300 260 155945972 0:33:63
5000 10000 300 260 156157940 0:32:891
5000 20000 300 260 156369943 0:33:244
5000 30000 300 260 156581946 0:33:324
5000 40000 300 260 156793949 0:33:254
5000 50000 300 260 157005952 0:33:648
10000 500 300 260 157217751 0:33:471
10000 1000 300 260 157429646 0:33:236
10000 5000 300 260 157641603 0:33:888
10000 10000 300 260 157853560 0:33:438
10000 20000 300 260 158065549 0:33:671
10000 30000 300 260 158277538 0:33:823
10000 40000 300 260 158489527 0:33:827
10000 50000 300 260 158701516 0:33:694
20000 500 300 260 158913390 0:34:71
20000 1000 300 260 159125359 0:34:130
20000 5000 300 260 159337390 0:34:69
20000 10000 300 260 159549421 0:34:219
20000 20000 300 260 159761490 0:34:159
20000 30000 300 260 159973559 0:34:240
20000 40000 300 260 160185628 0:34:389
20000 50000 300 260 160397697 0:34:606
30000 500 300 260 160609571 0:33:454
30000 1000 300 260 160821540 0:33:626
30000 5000 300 260 161033571 0:34:175
30000 10000 300 260 161245602 0:34:307
30000 20000 300 260 161457671 0:34:207
30000 30000 300 260 161669740 0:34:179
30000 40000 300 260 161881809 0:34:289
30000 50000 300 260 162093878 0:34:879
40000 500 300 260 162305752 0:33:419
40000 1000 300 260 162517721 0:34:301
40000 5000 300 260 162729752 0:34:699
40000 10000 300 260 162941783 0:33:644
40000 20000 300 260 163153852 0:34:875
40000 30000 300 260 163365921 0:35:53
40000 40000 300 260 163577990 0:34:895
40000 50000 300 260 163790059 0:34:833
50000 500 300 260 164001933 0:33:984
50000 1000 300 260 164213902 0:33:863
50000 5000 300 260 164425933 0:34:376
50000 10000 300 260 164637964 0:33:925
50000 20000 300 260 164850033 0:34:144
50000 30000 300 260 165062102 0:34:485
50000 40000 300 260 165274171 0:34:646
50000 50000 300 260 165486240 0:34:420
500 500 300 390 165696756 0:38:999
500 1000 300 390 165907369 0:39:326
500 5000 300 390 166118059 0:39:189
500 10000 300 390 166328749 0:39:31
500 20000 300 390 166539571 0:40:549
500 30000 300 390 166750393 0:40:5
500 40000 300 390 166961215 0:40:881
500 50000 300 390 167172037 0:40:279
1000 500 300 390 167382584 0:38:668
1000 1000 300 390 167593228 0:39:403
1000 5000 300 390 167803949 0:39:649
1000 10000 300 390 168014670 0:39:536
1000 20000 300 390 168225524 0:40:410
1000 30000 300 390 168436378 0:41:159
1000 40000 300 390 168647232 0:40:826
1000 50000 300 390 168858086 0:40:118
5000 500 300 390 169069339 0:42:26
5000 1000 300 390 169280689 0:41:760
5000 5000 300 390 169492116 0:41:918
5000 10000 300 390 169703543 0:42:488
5000 20000 300 390 169915102 0:42:814
5000 30000 300 390 170126661 0:43:37
5000 40000 300 390 170338220 0:43:427
5000 50000 300 390 170549779 0:42:815
10000 500 300 390 170761021 0:41:843
10000 1000 300 390 170972360 0:43:692
10000 5000 300 390 171183776 0:42:197
10000 10000 300 390 171395192 0:43:362
10000 20000 300 390 171606737 0:43:642
10000 30000 300 390 171818282 0:43:209
10000 40000 300 390 172029827 0:43:967
10000 50000 300 390 172241372 0:44:180
20000 500 300 390 172452689 0:43:46
20000 1000 300 390 172664102 0:43:849
20000 5000 300 390 172875592 0:43:327
20000 10000 300 390 173087082 0:42:738
20000 20000 300 390 173298707 0:43:679
20000 30000 300 390 173510332 0:43:467
20000 40000 300 390 173721957 0:43:771
20000 50000 300 390 173933582 0:43:410
30000 500 300 390 174144899 0:42:849
30000 1000 300 390 174356312 0:43:76
30000 5000 300 390 174567802 0:42:768
30000 10000 300 390 174779292 0:43:79
30000 20000 300 390 174990917 0:44:320
30000 30000 300 390 175202542 0:43:713
30000 40000 300 390 175414167 0:43:692
30000 50000 300 390 175625792 0:43:341
40000 500 300 390 175837109 0:42:468
40000 1000 300 390 176048522 0:43:983
40000 5000 300 390 176260012 0:43:692
40000 10000 300 390 176471502 0:42:912
40000 20000 300 390 176683127 0:44:654
40000 30000 300 390 176894752 0:43:738
40000 40000 300 390 177106377 0:43:943
40000 50000 300 390 177318002 0:44:5
50000 500 300 390 177529319 0:42:377
50000 1000 300 390 177740732 0:43:473
50000 5000 300 390 177952222 0:43:556
50000 10000 300 390 178163712 0:42:846
50000 20000 300 390 178375337 0:43:662
50000 30000 300 390 178586962 0:44:382
50000 40000 300 390 178798587 0:43:948
50000 50000 300 390 179010212 0:44:281
500 500 450 130 179221413 0:23:409
500 1000 450 130 179432697 0:22:922
500 5000 450 130 179644027 0:23:460
500 10000 450 130 179855357 0:23:690
500 20000 450 130 180066681 0:23:381
500 30000 450 130 180278005 0:23:134
500 40000 450 130 180489329 0:23:146
500 50000 450 130 180700653 0:23:422
1000 500 450 130 180911802 0:23:475
1000 1000 450 130 181123034 0:23:413
1000 5000 450 130 181334312 0:23:459
1000 10000 450 130 181545590 0:23:367
1000 20000 450 130 181756859 0:23:512
1000 30000 450 130 181968128 0:23:765
1000 40000 450 130 182179397 0:23:699
1000 50000 450 130 182390666 0:23:536
5000 500 450 130 182601981 0:29:298
5000 1000 450 130 182813379 0:29:321
5000 5000 450 130 183024823 0:28:970
5000 10000 450 130 183236267 0:29:202
5000 20000 450 130 183447705 0:29:600
5000 30000 450 130 183659143 0:29:665
5000 40000 450 130 183870581 0:29:568
5000 50000 450 130 184082019 0:29:289
10000 500 450 130 184293286 0:30:27
10000 1000 450 130 184504636 0:30:170
10000 5000 450 130 184716032 0:30:896
10000 10000 450 130 184927428 0:29:909
10000 20000 450 130 185138816 0:30:416
10000 30000 450 130 185350204 0:30:444
10000 40000 450 130 185561592 0:30:990
10000 50000 450 130 185772980 0:30:244
20000 500 450 130 185984306 0:31:645
20000 1000 450 130 186195713 0:31:504
20000 5000 450 130 186407166 0:31:713
20000 10000 450 130 186618619 0:31:344
20000 20000 450 130 186830068 0:31:866
20000 30000 450 130 187041517 0:31:978
20000 40000 450 130 187252966 0:31:506
20000 50000 450 130 187464415 0:31:361
30000 500 450 130 187675741 0:31:422
30000 1000 450 130 187887148 0:31:483
30000 5000 450 130 188098601 0:31:813
30000 10000 450 130 188310054 0:31:327
30000 20000 450 130 188521503 0:31:486
30000 30000 450 130 188732952 0:31:483
30000 40000 450 130 188944401 0:31:877
30000 50000 450 130 189155850 0:31:242
40000 500 450 130 189367176 0:31:162
40000 1000 450 130 189578583 0:32:4
40000 5000 450 130 189790036 0:31:584
40000 10000 450 130 190001489 0:31:379
40000 20000 450 130 190212938 0:31:364
40000 30000 450 130 190424387 0:31:857
40000 40000 450 130 190635836 0:31:770
40000 50000 450 130 190847285 0:31:627
50000 500 450 130 191058611 0:31:25
50000 1000 450 130 191270018 0:31:136
50000 5000 450 130 191481471 0:31:394
50000 10000 450 130 191692924 0:31:507
50000 20000 450 130 191904373 0:31:495
50000 30000 450 130 192115822 0:31:836
50000 40000 450 130 192327271 0:31:584
50000 50000 450 130 192538720 0:31:623
500 500 450 260 192749859 0:32:514
500 1000 450 260 192961094 0:33:526
500 5000 450 260 193172391 0:32:850
500 10000 450 260 193383688 0:33:558
500 20000 450 260 193595020 0:33:75
500 30000 450 260 193806352 0:33:352
500 40000 450 260 194017684 0:33:103
500 50000 450 260 194229016 0:33:459
1000 500 450 260 194440103 0:32:982
1000 1000 450 260 194651286 0:33:250
1000 5000 450 260 194862531 0:33:210
1000 10000 450 260 195073776 0:33:122
1000 20000 450 260 195285053 0:33:638
1000 30000 450 260 195496330 0:33:696
1000 40000 450 260 195707607 0:34:264
1000 50000 450 260 195918884 0:33:699
5000 500 450 260 196130137 0:38:376
5000 1000 450 260 196341486 0:38:577
5000 5000 450 260 196552897 0:38:974
5000 10000 450 260 196764308 0:38:597
5000 20000 450 260 196975754 0:39:106
5000 30000 450 260 197187200 0:39:555
5000 40000 450 260 197398646 0:39:605
5000 50000 450 260 197610092 0:39:312
10000 500 450 260 197821297 0:39:667
10000 1000 450 260 198032598 0:39:484
10000 5000 450 260 198243961 0:40:331
10000 10000 450 260 198455324 0:39:840
10000 20000 450 260 198666720 0:40:759
10000 30000 450 260 198878116 0:40:143
10000 40000 450 260 199089512 0:39:991
10000 50000 450 260 199300908 0:40:960
20000 500 450 260 199512172 0:40:464
20000 1000 450 260 199723530 0:42:267
20000 5000 450 260 199934950 0:40:895
20000 10000 450 260 200146370 0:41:56
20000 20000 450 260 200357827 0:41:555
20000 30000 450 260 200569284 0:42:170
20000 40000 450 260 200780741 0:41:658
20000 50000 450 260 200992198 0:41:98
30000 500 450 260 201203462 0:40:650
30000 1000 450 260 201414820 0:41:98
30000 5000 450 260 201626240 0:41:369
30000 10000 450 260 201837660 0:41:80
30000 20000 450 260 202049117 0:41:848
30000 30000 450 260 202260574 0:41:788
30000 40000 450 260 202472031 0:42:132
30000 50000 450 260 202683488 0:41:373
40000 500 450 260 202894752 0:40:354
40000 1000 450 260 203106110 0:40:953
40000 5000 450 260 203317530 0:41:506
40000 10000 450 260 203528950 0:41:32
40000 20000 450 260 203740407 0:41:470
40000 30000 450 260 203951864 0:41:880
40000 40000 450 260 204163321 0:42:277
40000 50000 450 260 204374778 0:41:686
50000 500 450 260 204586042 0:40:653
50000 1000 450 260 204797400 0:41:144
50000 5000 450 260 205008820 0:41:433
50000 10000 450 260 205220240 0:41:21
50000 20000 450 260 205431697 0:41:383
50000 30000 450 260 205643154 0:41:868
50000 40000 450 260 205854611 0:42:31
50000 50000 450 260 206066068 0:42:36
500 500 450 390 206276650 0:41:153
500 1000 450 390 206487329 0:41:805
500 5000 450 390 206698085 0:41:614
500 10000 450 390 206908841 0:41:825
500 20000 450 390 207119729 0:42:677
500 30000 450 390 207330617 0:42:552
500 40000 450 390 207541505 0:42:695
500 50000 450 390 207752393 0:43:172
1000 500 450 390 207962923 0:41:679
1000 1000 450 390 208173550 0:42:484
1000 5000 450 390 208384254 0:43:662
1000 10000 450 390 208594958 0:42:848
1000 20000 450 390 208805791 0:43:209
1000 30000 450 390 209016624 0:43:356
1000 40000 450 390 209227457 0:43:228
1000 50000 450 390 209438290 0:43:54
5000 500 450 390 209648986 0:48:5
5000 1000 450 390 209859779 0:48:719
5000 5000 450 390 210070649 0:47:735
5000 10000 450 390 210281519 0:47:963
5000 20000 450 390 210492521 0:48:569
5000 30000 450 390 210703523 0:48:878
5000 40000 450 390 210914525 0:49:379
5000 50000 450 390 211125527 0:48:599
10000 500 450 390 211336175 0:48:127
10000 1000 450 390 211546920 0:48:978
10000 5000 450 390 211757742 0:49:64
10000 10000 450 390 211968564 0:48:672
10000 20000 450 390 212179516 0:49:743
10000 30000 450 390 212390468 0:50:415
10000 40000 450 390 212601420 0:49:621
10000 50000 450 390 212812372 0:50:230
20000 500 450 390 213023079 0:49:549
20000 1000 450 390 213233881 0:50:171
20000 5000 450 390 213444760 0:50:890
20000 10000 450 390 213655639 0:49:822
20000 20000 450 390 213866652 0:51:585
20000 30000 450 390 214077665 0:51:10
20000 40000 450 390 214288678 0:51:402
20000 50000 450 390 214499691 0:51:325
30000 500 450 390 214710398 0:49:449
30000 1000 450 390 214921200 0:50:11
30000 5000 450 390 215132079 0:50:55
30000 10000 450 390 215342958 0:50:119
30000 20000 450 390 215553971 0:50:969
30000 30000 450 390 215764984 0:50:494
30000 40000 450 390 215975997 0:51:132
30000 50000 450 390 216187010 0:51:217
40000 500 450 390 216397717 0:49:441
40000 1000 450 390 216608519 0:50:471
40000 5000 450 390 216819398 0:50:737
40000 10000 450 390 217030277 0:50:519
40000 20000 450 390 217241290 0:51:240
40000 30000 450 390 217452303 0:51:333
40000 40000 450 390 217663316 0:50:804
40000 50000 450 390 217874329 0:50:506
50000 500 450 390 218085036 0:49:256
50000 1000 450 390 218295838 0:50:215
50000 5000 450 390 218506717 0:49:936
50000 10000 450 390 218717596 0:50:474
50000 20000 450 390 218928609 0:50:942
50000 30000 450 390 219139622 0:50:800
50000 40000 450 390 219350635 0:50:770
50000 50000 450 390 219561648 0:50:847
