0 500 0 138 221161090 0:13:657
0 1000 0 138 221255878 0:13:758
0 5000 0 138 221350666 0:14:74
0 10000 0 138 221445675 0:13:771
0 20000 0 138 221540684 0:13:759
0 30000 0 138 221635693 0:14:104
0 40000 0 138 221730702 0:13:660
0 50000 0 138 221825711 0:13:693
0 500 0 276 221925472 0:27:3
0 1000 0 276 222025233 0:27:43
0 5000 0 276 222124994 0:26:137
0 10000 0 276 222225145 0:27:555
0 20000 0 276 222325296 0:26:721
0 30000 0 276 222425447 0:27:334
0 40000 0 276 222525598 0:27:377
0 50000 0 276 222625749 0:27:581
0 500 0 414 222728415 0:38:219
0 1000 0 414 222831081 0:37:838
0 5000 0 414 222933747 0:38:581
0 10000 0 414 223036811 0:38:496
0 20000 0 414 223139875 0:38:425
0 30000 0 414 223242939 0:38:790
0 40000 0 414 223346003 0:38:753
0 50000 0 414 223449067 0:38:738
