500 0 138 0 3 0:0:14
1000 0 138 0 6 0:0:14
5000 0 138 0 9 0:0:15
10000 0 138 0 12 0:0:15
20000 0 138 0 15 0:0:13
30000 0 138 0 18 0:0:14
40000 0 138 0 21 0:0:14
50000 0 138 0 24 0:0:14
500 0 276 0 27 0:0:13
1000 0 276 0 30 0:0:14
5000 0 276 0 33 0:0:16
10000 0 276 0 36 0:0:15
20000 0 276 0 39 0:0:14
30000 0 276 0 42 0:0:14
40000 0 276 0 45 0:0:15
50000 0 276 0 48 0:0:14
500 0 414 0 51 0:0:14
1000 0 414 0 54 0:0:15
5000 0 414 0 57 0:0:15
10000 0 414 0 60 0:0:15
20000 0 414 0 63 0:0:15
30000 0 414 0 66 0:0:14
40000 0 414 0 69 0:0:16
50000 0 414 0 72 0:0:15
