500 500 150 130 130860 0:0:4
500 1000 150 130 131193 0:0:3
500 5000 150 130 131526 0:0:4
500 10000 150 130 131859 0:0:4
500 20000 150 130 132192 0:0:5
500 30000 150 130 132525 0:0:3
500 40000 150 130 132858 0:0:4
500 50000 150 130 133191 0:0:3
1000 500 150 130 133524 0:0:4
1000 1000 150 130 133857 0:0:4
1000 5000 150 130 134190 0:0:5
1000 10000 150 130 134523 0:0:3
1000 20000 150 130 134856 0:0:3
1000 30000 150 130 135189 0:0:3
1000 40000 150 130 135522 0:0:4
1000 50000 150 130 135855 0:0:4
5000 500 150 130 136188 0:0:3
5000 1000 150 130 136521 0:0:2
5000 5000 150 130 136854 0:0:4
5000 10000 150 130 137187 0:0:5
5000 20000 150 130 137520 0:0:3
5000 30000 150 130 137853 0:0:3
5000 40000 150 130 138186 0:0:3
5000 50000 150 130 138519 0:0:3
10000 500 150 130 138852 0:0:3
10000 1000 150 130 139185 0:0:3
10000 5000 150 130 139518 0:0:3
10000 10000 150 130 139851 0:0:4
10000 20000 150 130 140184 0:0:3
10000 30000 150 130 140517 0:0:3
10000 40000 150 130 140850 0:0:3
10000 50000 150 130 141183 0:0:3
20000 500 150 130 141516 0:0:2
20000 1000 150 130 141849 0:0:4
20000 5000 150 130 142182 0:0:3
20000 10000 150 130 142515 0:0:4
20000 20000 150 130 142848 0:0:3
20000 30000 150 130 143181 0:0:4
20000 40000 150 130 143514 0:0:5
20000 50000 150 130 143847 0:0:3
30000 500 150 130 144180 0:0:3
30000 1000 150 130 144513 0:0:3
30000 5000 150 130 144846 0:0:3
30000 10000 150 130 145179 0:0:3
30000 20000 150 130 145512 0:0:5
30000 30000 150 130 145845 0:0:3
30000 40000 150 130 146178 0:0:4
30000 50000 150 130 146511 0:0:3
40000 500 150 130 146844 0:0:3
40000 1000 150 130 147177 0:0:3
40000 5000 150 130 147510 0:0:4
40000 10000 150 130 147843 0:0:3
40000 20000 150 130 148176 0:0:4
40000 30000 150 130 148509 0:0:5
40000 40000 150 130 148842 0:0:3
40000 50000 150 130 149175 0:0:5
50000 500 150 130 149508 0:0:4
50000 1000 150 130 149841 0:0:4
50000 5000 150 130 150174 0:0:4
50000 10000 150 130 150507 0:0:4
50000 20000 150 130 150840 0:0:3
50000 30000 150 130 151173 0:0:3
50000 40000 150 130 151506 0:0:3
50000 50000 150 130 151839 0:0:4
500 500 150 260 152172 0:0:3
500 1000 150 260 152505 0:0:4
500 5000 150 260 152838 0:0:4
500 10000 150 260 153171 0:0:6
500 20000 150 260 153504 0:0:6
500 30000 150 260 153837 0:0:4
500 40000 150 260 154170 0:0:3
500 50000 150 260 154503 0:0:4
1000 500 150 260 154836 0:0:5
1000 1000 150 260 155169 0:0:4
1000 5000 150 260 155502 0:0:4
1000 10000 150 260 155835 0:0:4
1000 20000 150 260 156168 0:0:5
1000 30000 150 260 156501 0:0:4
1000 40000 150 260 156834 0:0:4
1000 50000 150 260 157167 0:0:5
5000 500 150 260 157500 0:0:3
5000 1000 150 260 157833 0:0:4
5000 5000 150 260 158166 0:0:3
5000 10000 150 260 158499 0:0:4
5000 20000 150 260 158832 0:0:3
5000 30000 150 260 159165 0:0:4
5000 40000 150 260 159498 0:0:3
5000 50000 150 260 159831 0:0:4
10000 500 150 260 160164 0:0:3
10000 1000 150 260 160497 0:0:4
10000 5000 150 260 160830 0:0:3
10000 10000 150 260 161163 0:0:3
10000 20000 150 260 161496 0:0:3
10000 30000 150 260 161829 0:0:3
10000 40000 150 260 162162 0:0:3
10000 50000 150 260 162495 0:0:4
20000 500 150 260 162828 0:0:3
20000 1000 150 260 163161 0:0:7
20000 5000 150 260 163494 0:0:5
20000 10000 150 260 163827 0:0:3
20000 20000 150 260 164160 0:0:4
20000 30000 150 260 164493 0:0:5
20000 40000 150 260 164826 0:0:5
20000 50000 150 260 165159 0:0:4
30000 500 150 260 165492 0:0:4
30000 1000 150 260 165825 0:0:4
30000 5000 150 260 166158 0:0:4
30000 10000 150 260 166491 0:0:3
30000 20000 150 260 166824 0:0:3
30000 30000 150 260 167157 0:0:4
30000 40000 150 260 167490 0:0:3
30000 50000 150 260 167823 0:0:4
40000 500 150 260 168156 0:0:4
40000 1000 150 260 168489 0:0:4
40000 5000 150 260 168822 0:0:3
40000 10000 150 260 169155 0:0:4
40000 20000 150 260 169488 0:0:4
40000 30000 150 260 169821 0:0:4
40000 40000 150 260 170154 0:0:5
40000 50000 150 260 170487 0:0:5
50000 500 150 260 170820 0:0:3
50000 1000 150 260 171153 0:0:3
50000 5000 150 260 171486 0:0:4
50000 10000 150 260 171819 0:0:5
50000 20000 150 260 172152 0:0:3
50000 30000 150 260 172485 0:0:4
50000 40000 150 260 172818 0:0:3
50000 50000 150 260 173151 0:0:4
500 500 150 390 173484 0:0:4
500 1000 150 390 173817 0:0:3
500 5000 150 390 174150 0:0:3
500 10000 150 390 174483 0:0:4
500 20000 150 390 174816 0:0:3
500 30000 150 390 175149 0:0:3
500 40000 150 390 175482 0:0:3
500 50000 150 390 175815 0:0:4
1000 500 150 390 176148 0:0:4
1000 1000 150 390 176481 0:0:4
1000 5000 150 390 176814 0:0:3
1000 10000 150 390 177147 0:0:3
1000 20000 150 390 177480 0:0:4
1000 30000 150 390 177813 0:0:5
1000 40000 150 390 178146 0:0:4
1000 50000 150 390 178479 0:0:3
5000 500 150 390 178812 0:0:3
5000 1000 150 390 179145 0:0:4
5000 5000 150 390 179478 0:0:4
5000 10000 150 390 179811 0:0:3
5000 20000 150 390 180144 0:0:4
5000 30000 150 390 180477 0:0:3
5000 40000 150 390 180810 0:0:4
5000 50000 150 390 181143 0:0:3
10000 500 150 390 181476 0:0:3
10000 1000 150 390 181809 0:0:3
10000 5000 150 390 182142 0:0:4
10000 10000 150 390 182475 0:0:4
10000 20000 150 390 182808 0:0:3
10000 30000 150 390 183141 0:0:3
10000 40000 150 390 183474 0:0:3
10000 50000 150 390 183807 0:0:3
20000 500 150 390 184140 0:0:3
20000 1000 150 390 184473 0:0:4
20000 5000 150 390 184806 0:0:3
20000 10000 150 390 185139 0:0:4
20000 20000 150 390 185472 0:0:3
20000 30000 150 390 185805 0:0:4
20000 40000 150 390 186138 0:0:4
20000 50000 150 390 186471 0:0:4
30000 500 150 390 186804 0:0:4
30000 1000 150 390 187137 0:0:3
30000 5000 150 390 187470 0:0:5
30000 10000 150 390 187803 0:0:3
30000 20000 150 390 188136 0:0:3
30000 30000 150 390 188469 0:0:4
30000 40000 150 390 188802 0:0:4
30000 50000 150 390 189135 0:0:4
40000 500 150 390 189468 0:0:3
40000 1000 150 390 189801 0:0:4
40000 5000 150 390 190134 0:0:4
40000 10000 150 390 190467 0:0:3
40000 20000 150 390 190800 0:0:3
40000 30000 150 390 191133 0:0:4
40000 40000 150 390 191466 0:0:4
40000 50000 150 390 191799 0:0:4
50000 500 150 390 192132 0:0:4
50000 1000 150 390 192465 0:0:4
50000 5000 150 390 192798 0:0:4
50000 10000 150 390 193131 0:0:3
50000 20000 150 390 193464 0:0:3
50000 30000 150 390 193797 0:0:4
50000 40000 150 390 194130 0:0:3
50000 50000 150 390 194463 0:0:4
500 500 300 130 194796 0:0:4
500 1000 300 130 195129 0:0:3
500 5000 300 130 195462 0:0:4
500 10000 300 130 195795 0:0:4
500 20000 300 130 196128 0:0:3
500 30000 300 130 196461 0:0:3
500 40000 300 130 196794 0:0:3
500 50000 300 130 197127 0:0:5
1000 500 300 130 197460 0:0:5
1000 1000 300 130 197793 0:0:3
1000 5000 300 130 198126 0:0:3
1000 10000 300 130 198459 0:0:4
1000 20000 300 130 198792 0:0:3
1000 30000 300 130 199125 0:0:4
1000 40000 300 130 199458 0:0:3
1000 50000 300 130 199791 0:0:9
5000 500 300 130 200124 0:0:4
5000 1000 300 130 200457 0:0:4
5000 5000 300 130 200790 0:0:4
5000 10000 300 130 201123 0:0:4
5000 20000 300 130 201456 0:0:3
5000 30000 300 130 201789 0:0:5
5000 40000 300 130 202122 0:0:5
5000 50000 300 130 202455 0:0:3
10000 500 300 130 202788 0:0:3
10000 1000 300 130 203121 0:0:5
10000 5000 300 130 203454 0:0:3
10000 10000 300 130 203787 0:0:3
10000 20000 300 130 204120 0:0:4
10000 30000 300 130 204453 0:0:4
10000 40000 300 130 204786 0:0:4
10000 50000 300 130 205119 0:0:3
20000 500 300 130 205452 0:0:4
20000 1000 300 130 205785 0:0:4
20000 5000 300 130 206118 0:0:3
20000 10000 300 130 206451 0:0:4
20000 20000 300 130 206784 0:0:5
20000 30000 300 130 207117 0:0:3
20000 40000 300 130 207450 0:0:3
20000 50000 300 130 207783 0:0:4
30000 500 300 130 208116 0:0:3
30000 1000 300 130 208449 0:0:4
30000 5000 300 130 208782 0:0:3
30000 10000 300 130 209115 0:0:3
30000 20000 300 130 209448 0:0:3
30000 30000 300 130 209781 0:0:4
30000 40000 300 130 210114 0:0:3
30000 50000 300 130 210447 0:0:3
40000 500 300 130 210780 0:0:4
40000 1000 300 130 211113 0:0:3
40000 5000 300 130 211446 0:0:4
40000 10000 300 130 211779 0:0:3
40000 20000 300 130 212112 0:0:3
40000 30000 300 130 212445 0:0:4
40000 40000 300 130 212778 0:0:4
40000 50000 300 130 213111 0:0:4
50000 500 300 130 213444 0:0:3
50000 1000 300 130 213777 0:0:4
50000 5000 300 130 214110 0:0:5
50000 10000 300 130 214443 0:0:3
50000 20000 300 130 214776 0:0:5
50000 30000 300 130 215109 0:0:4
50000 40000 300 130 215442 0:0:4
50000 50000 300 130 215775 0:0:4
500 500 300 260 216108 0:0:4
500 1000 300 260 216441 0:0:4
500 5000 300 260 216774 0:0:4
500 10000 300 260 217107 0:0:4
500 20000 300 260 217440 0:0:3
500 30000 300 260 217773 0:0:3
500 40000 300 260 218106 0:0:5
500 50000 300 260 218439 0:0:3
1000 500 300 260 218772 0:0:4
1000 1000 300 260 219105 0:0:3
1000 5000 300 260 219438 0:0:5
1000 10000 300 260 219771 0:0:3
1000 20000 300 260 220104 0:0:4
1000 30000 300 260 220437 0:0:3
1000 40000 300 260 220770 0:0:3
1000 50000 300 260 221103 0:0:3
5000 500 300 260 221436 0:0:4
5000 1000 300 260 221769 0:0:3
5000 5000 300 260 222102 0:0:4
5000 10000 300 260 222435 0:0:4
5000 20000 300 260 222768 0:0:5
5000 30000 300 260 223101 0:0:5
5000 40000 300 260 223434 0:0:4
5000 50000 300 260 223767 0:0:6
10000 500 300 260 224100 0:0:6
10000 1000 300 260 224433 0:0:6
10000 5000 300 260 224766 0:0:5
10000 10000 300 260 225099 0:0:4
10000 20000 300 260 225432 0:0:4
10000 30000 300 260 225765 0:0:4
10000 40000 300 260 226098 0:0:3
10000 50000 300 260 226431 0:0:4
20000 500 300 260 226764 0:0:4
20000 1000 300 260 227097 0:0:5
20000 5000 300 260 227430 0:0:4
20000 10000 300 260 227763 0:0:3
20000 20000 300 260 228096 0:0:4
20000 30000 300 260 228429 0:0:4
20000 40000 300 260 228762 0:0:4
20000 50000 300 260 229095 0:0:4
30000 500 300 260 229428 0:0:3
30000 1000 300 260 229761 0:0:3
30000 5000 300 260 230094 0:0:3
30000 10000 300 260 230427 0:0:4
30000 20000 300 260 230760 0:0:3
30000 30000 300 260 231093 0:0:3
30000 40000 300 260 231426 0:0:4
30000 50000 300 260 231759 0:0:4
40000 500 300 260 232092 0:0:3
40000 1000 300 260 232425 0:0:3
40000 5000 300 260 232758 0:0:5
40000 10000 300 260 233091 0:0:3
40000 20000 300 260 233424 0:0:4
40000 30000 300 260 233757 0:0:5
40000 40000 300 260 234090 0:0:3
40000 50000 300 260 234423 0:0:4
50000 500 300 260 234756 0:0:5
50000 1000 300 260 235089 0:0:3
50000 5000 300 260 235422 0:0:6
50000 10000 300 260 235755 0:0:3
50000 20000 300 260 236088 0:0:4
50000 30000 300 260 236421 0:0:5
50000 40000 300 260 236754 0:0:4
50000 50000 300 260 237087 0:0:3
500 500 300 390 237420 0:0:5
500 1000 300 390 237753 0:0:5
500 5000 300 390 238086 0:0:4
500 10000 300 390 238419 0:0:3
500 20000 300 390 238752 0:0:3
500 30000 300 390 239085 0:0:3
500 40000 300 390 239418 0:0:4
500 50000 300 390 239751 0:0:5
1000 500 300 390 240084 0:0:3
1000 1000 300 390 240417 0:0:3
1000 5000 300 390 240750 0:0:4
1000 10000 300 390 241083 0:0:4
1000 20000 300 390 241416 0:0:3
1000 30000 300 390 241749 0:0:3
1000 40000 300 390 242082 0:0:4
1000 50000 300 390 242415 0:0:5
5000 500 300 390 242748 0:0:3
5000 1000 300 390 243081 0:0:4
5000 5000 300 390 243414 0:0:4
5000 10000 300 390 243747 0:0:4
5000 20000 300 390 244080 0:0:4
5000 30000 300 390 244413 0:0:3
5000 40000 300 390 244746 0:0:3
5000 50000 300 390 245079 0:0:4
10000 500 300 390 245412 0:0:3
10000 1000 300 390 245745 0:0:4
10000 5000 300 390 246078 0:0:4
10000 10000 300 390 246411 0:0:4
10000 20000 300 390 246744 0:0:3
10000 30000 300 390 247077 0:0:3
10000 40000 300 390 247410 0:0:3
10000 50000 300 390 247743 0:0:3
20000 500 300 390 248076 0:0:4
20000 1000 300 390 248409 0:0:4
20000 5000 300 390 248742 0:0:5
20000 10000 300 390 249075 0:0:4
20000 20000 300 390 249408 0:0:3
20000 30000 300 390 249741 0:0:4
20000 40000 300 390 250074 0:0:4
20000 50000 300 390 250407 0:0:3
30000 500 300 390 250740 0:0:4
30000 1000 300 390 251073 0:0:4
30000 5000 300 390 251406 0:0:3
30000 10000 300 390 251739 0:0:3
30000 20000 300 390 252072 0:0:3
30000 30000 300 390 252405 0:0:3
30000 40000 300 390 252738 0:0:4
30000 50000 300 390 253071 0:0:3
40000 500 300 390 253404 0:0:4
40000 1000 300 390 253737 0:0:4
40000 5000 300 390 254070 0:0:3
40000 10000 300 390 254403 0:0:3
40000 20000 300 390 254736 0:0:5
40000 30000 300 390 255069 0:0:3
40000 40000 300 390 255402 0:0:3
40000 50000 300 390 255735 0:0:4
50000 500 300 390 256068 0:0:3
50000 1000 300 390 256401 0:0:3
50000 5000 300 390 256734 0:0:4
50000 10000 300 390 257067 0:0:4
50000 20000 300 390 257400 0:0:3
50000 30000 300 390 257733 0:0:3
50000 40000 300 390 258066 0:0:4
50000 50000 300 390 258399 0:0:5
500 500 450 130 258732 0:0:3
500 1000 450 130 259065 0:0:4
500 5000 450 130 259398 0:0:4
500 10000 450 130 259731 0:0:4
500 20000 450 130 260064 0:0:3
500 30000 450 130 260397 0:0:4
500 40000 450 130 260730 0:0:4
500 50000 450 130 261063 0:0:4
1000 500 450 130 261396 0:0:3
1000 1000 450 130 261729 0:0:5
1000 5000 450 130 262062 0:0:4
1000 10000 450 130 262395 0:0:4
1000 20000 450 130 262728 0:0:4
1000 30000 450 130 263061 0:0:5
1000 40000 450 130 263394 0:0:3
1000 50000 450 130 263727 0:0:4
5000 500 450 130 264060 0:0:3
5000 1000 450 130 264393 0:0:4
5000 5000 450 130 264726 0:0:4
5000 10000 450 130 265059 0:0:3
5000 20000 450 130 265392 0:0:3
5000 30000 450 130 265725 0:0:3
5000 40000 450 130 266058 0:0:3
5000 50000 450 130 266391 0:0:4
10000 500 450 130 266724 0:0:3
10000 1000 450 130 267057 0:0:4
10000 5000 450 130 267390 0:0:5
10000 10000 450 130 267723 0:0:4
10000 20000 450 130 268056 0:0:3
10000 30000 450 130 268389 0:0:4
10000 40000 450 130 268722 0:0:3
10000 50000 450 130 269055 0:0:3
20000 500 450 130 269388 0:0:5
20000 1000 450 130 269721 0:0:3
20000 5000 450 130 270054 0:0:3
20000 10000 450 130 270387 0:0:4
20000 20000 450 130 270720 0:0:3
20000 30000 450 130 271053 0:0:3
20000 40000 450 130 271386 0:0:4
20000 50000 450 130 271719 0:0:6
30000 500 450 130 272052 0:0:3
30000 1000 450 130 272385 0:0:2
30000 5000 450 130 272718 0:0:4
30000 10000 450 130 273051 0:0:4
30000 20000 450 130 273384 0:0:5
30000 30000 450 130 273717 0:0:4
30000 40000 450 130 274050 0:0:4
30000 50000 450 130 274383 0:0:3
40000 500 450 130 274716 0:0:3
40000 1000 450 130 275049 0:0:3
40000 5000 450 130 275382 0:0:3
40000 10000 450 130 275715 0:0:3
40000 20000 450 130 276048 0:0:4
40000 30000 450 130 276381 0:0:3
40000 40000 450 130 276714 0:0:3
40000 50000 450 130 277047 0:0:4
50000 500 450 130 277380 0:0:4
50000 1000 450 130 277713 0:0:4
50000 5000 450 130 278046 0:0:3
50000 10000 450 130 278379 0:0:3
50000 20000 450 130 278712 0:0:5
50000 30000 450 130 279045 0:0:3
50000 40000 450 130 279378 0:0:3
50000 50000 450 130 279711 0:0:4
500 500 450 260 280044 0:0:5
500 1000 450 260 280377 0:0:3
500 5000 450 260 280710 0:0:3
500 10000 450 260 281043 0:0:4
500 20000 450 260 281376 0:0:4
500 30000 450 260 281709 0:0:5
500 40000 450 260 282042 0:0:4
500 50000 450 260 282375 0:0:5
1000 500 450 260 282708 0:0:3
1000 1000 450 260 283041 0:0:3
1000 5000 450 260 283374 0:0:4
1000 10000 450 260 283707 0:0:3
1000 20000 450 260 284040 0:0:4
1000 30000 450 260 284373 0:0:3
1000 40000 450 260 284706 0:0:4
1000 50000 450 260 285039 0:0:3
5000 500 450 260 285372 0:0:5
5000 1000 450 260 285705 0:0:3
5000 5000 450 260 286038 0:0:5
5000 10000 450 260 286371 0:0:4
5000 20000 450 260 286704 0:0:4
5000 30000 450 260 287037 0:0:4
5000 40000 450 260 287370 0:0:3
5000 50000 450 260 287703 0:0:3
10000 500 450 260 288036 0:0:3
10000 1000 450 260 288369 0:0:5
10000 5000 450 260 288702 0:0:3
10000 10000 450 260 289035 0:0:4
10000 20000 450 260 289368 0:0:3
10000 30000 450 260 289701 0:0:5
10000 40000 450 260 290034 0:0:4
10000 50000 450 260 290367 0:0:4
20000 500 450 260 290700 0:0:3
20000 1000 450 260 291033 0:0:4
20000 5000 450 260 291366 0:0:4
20000 10000 450 260 291699 0:0:4
20000 20000 450 260 292032 0:0:3
20000 30000 450 260 292365 0:0:4
20000 40000 450 260 292698 0:0:3
20000 50000 450 260 293031 0:0:3
30000 500 450 260 293364 0:0:5
30000 1000 450 260 293697 0:0:3
30000 5000 450 260 294030 0:0:3
30000 10000 450 260 294363 0:0:5
30000 20000 450 260 294696 0:0:4
30000 30000 450 260 295029 0:0:3
30000 40000 450 260 295362 0:0:3
30000 50000 450 260 295695 0:0:3
40000 500 450 260 296028 0:0:3
40000 1000 450 260 296361 0:0:3
40000 5000 450 260 296694 0:0:3
40000 10000 450 260 297027 0:0:4
40000 20000 450 260 297360 0:0:4
40000 30000 450 260 297693 0:0:3
40000 40000 450 260 298026 0:0:4
40000 50000 450 260 298359 0:0:5
50000 500 450 260 298692 0:0:5
50000 1000 450 260 299025 0:0:3
50000 5000 450 260 299358 0:0:5
50000 10000 450 260 299691 0:0:3
50000 20000 450 260 300024 0:0:3
50000 30000 450 260 300357 0:0:4
50000 40000 450 260 300690 0:0:5
50000 50000 450 260 301023 0:0:3
500 500 450 390 301356 0:0:4
500 1000 450 390 301689 0:0:4
500 5000 450 390 302022 0:0:3
500 10000 450 390 302355 0:0:3
500 20000 450 390 302688 0:0:5
500 30000 450 390 303021 0:0:4
500 40000 450 390 303354 0:0:4
500 50000 450 390 303687 0:0:4
1000 500 450 390 304020 0:0:3
1000 1000 450 390 304353 0:0:3
1000 5000 450 390 304686 0:0:3
1000 10000 450 390 305019 0:0:3
1000 20000 450 390 305352 0:0:3
1000 30000 450 390 305685 0:0:3
1000 40000 450 390 306018 0:0:4
1000 50000 450 390 306351 0:0:5
5000 500 450 390 306684 0:0:4
5000 1000 450 390 307017 0:0:5
5000 5000 450 390 307350 0:0:6
5000 10000 450 390 307683 0:0:8
5000 20000 450 390 308016 0:0:4
5000 30000 450 390 308349 0:0:4
5000 40000 450 390 308682 0:0:4
5000 50000 450 390 309015 0:0:4
10000 500 450 390 309348 0:0:5
10000 1000 450 390 309681 0:0:4
10000 5000 450 390 310014 0:0:4
10000 10000 450 390 310347 0:0:3
10000 20000 450 390 310680 0:0:3
10000 30000 450 390 311013 0:0:3
10000 40000 450 390 311346 0:0:3
10000 50000 450 390 311679 0:0:4
20000 500 450 390 312012 0:0:3
20000 1000 450 390 312345 0:0:4
20000 5000 450 390 312678 0:0:3
20000 10000 450 390 313011 0:0:3
20000 20000 450 390 313344 0:0:4
20000 30000 450 390 313677 0:0:3
20000 40000 450 390 314010 0:0:3
20000 50000 450 390 314343 0:0:4
30000 500 450 390 314676 0:0:5
30000 1000 450 390 315009 0:0:3
30000 5000 450 390 315342 0:0:3
30000 10000 450 390 315675 0:0:4
30000 20000 450 390 316008 0:0:3
30000 30000 450 390 316341 0:0:4
30000 40000 450 390 316674 0:0:4
30000 50000 450 390 317007 0:0:4
40000 500 450 390 317340 0:0:4
40000 1000 450 390 317673 0:0:4
40000 5000 450 390 318006 0:0:4
40000 10000 450 390 318339 0:0:4
40000 20000 450 390 318672 0:0:4
40000 30000 450 390 319005 0:0:4
40000 40000 450 390 319338 0:0:3
40000 50000 450 390 319671 0:0:4
50000 500 450 390 320004 0:0:3
50000 1000 450 390 320337 0:0:3
50000 5000 450 390 320670 0:0:3
50000 10000 450 390 321003 0:0:4
50000 20000 450 390 321336 0:0:4
50000 30000 450 390 321669 0:0:4
50000 40000 450 390 322002 0:0:4
50000 50000 450 390 322335 0:0:4
