500 500 150 130 37603797 0:7:653
500 1000 150 130 37708294 0:7:715
500 5000 150 130 37812791 0:7:700
500 10000 150 130 37917469 0:7:845
500 20000 150 130 38022147 0:7:946
500 30000 150 130 38126825 0:7:963
500 40000 150 130 38231503 0:7:925
500 50000 150 130 38336181 0:7:866
1000 500 150 130 38440795 0:8:104
1000 1000 150 130 38545537 0:8:147
1000 5000 150 130 38650279 0:8:34
1000 10000 150 130 38755204 0:8:161
1000 20000 150 130 38860129 0:8:278
1000 30000 150 130 38965054 0:8:152
1000 40000 150 130 39069979 0:8:128
1000 50000 150 130 39174904 0:8:196
5000 500 150 130 39279952 0:8:291
5000 1000 150 130 39385125 0:8:442
5000 5000 150 130 39490298 0:8:509
5000 10000 150 130 39595652 0:8:515
5000 20000 150 130 39701006 0:8:627
5000 30000 150 130 39806360 0:8:664
5000 40000 150 130 39911714 0:8:740
5000 50000 150 130 40017068 0:8:616
10000 500 150 130 40122222 0:8:383
10000 1000 150 130 40227504 0:8:442
10000 5000 150 130 40332786 0:8:445
10000 10000 150 130 40438248 0:8:793
10000 20000 150 130 40543710 0:8:771
10000 30000 150 130 40649172 0:8:581
10000 40000 150 130 40754634 0:8:619
10000 50000 150 130 40860096 0:8:664
20000 500 150 130 40965250 0:8:417
20000 1000 150 130 41070532 0:8:524
20000 5000 150 130 41175814 0:8:534
20000 10000 150 130 41281276 0:8:695
20000 20000 150 130 41386738 0:8:623
20000 30000 150 130 41492200 0:8:867
20000 40000 150 130 41597662 0:8:711
20000 50000 150 130 41703124 0:8:544
30000 500 150 130 41808278 0:8:358
30000 1000 150 130 41913560 0:8:601
30000 5000 150 130 42018842 0:8:596
30000 10000 150 130 42124304 0:8:649
30000 20000 150 130 42229766 0:8:632
30000 30000 150 130 42335228 0:8:583
30000 40000 150 130 42440690 0:8:574
30000 50000 150 130 42546152 0:8:549
40000 500 150 130 42651306 0:8:440
40000 1000 150 130 42756588 0:8:522
40000 5000 150 130 42861870 0:8:513
40000 10000 150 130 42967332 0:8:561
40000 20000 150 130 43072794 0:8:759
40000 30000 150 130 43178256 0:8:589
40000 40000 150 130 43283718 0:8:637
40000 50000 150 130 43389180 0:8:679
50000 500 150 130 43494334 0:8:384
50000 1000 150 130 43599616 0:8:483
50000 5000 150 130 43704898 0:8:463
50000 10000 150 130 43810360 0:8:615
50000 20000 150 130 43915822 0:8:754
50000 30000 150 130 44021284 0:8:690
50000 40000 150 130 44126746 0:8:731
50000 50000 150 130 44232208 0:8:665
500 500 150 260 44336698 0:11:853
500 1000 150 260 44441323 0:12:296
500 5000 150 260 44545948 0:12:328
500 10000 150 260 44650525 0:12:881
500 20000 150 260 44755102 0:12:570
500 30000 150 260 44859679 0:12:567
500 40000 150 260 44964256 0:12:582
500 50000 150 260 45068833 0:12:655
1000 500 150 260 45173567 0:12:269
1000 1000 150 260 45278437 0:12:486
1000 5000 150 260 45383307 0:12:592
1000 10000 150 260 45488131 0:12:919
1000 20000 150 260 45592955 0:12:977
1000 30000 150 260 45697779 0:12:858
1000 40000 150 260 45802603 0:12:833
1000 50000 150 260 45907427 0:12:870
5000 500 150 260 46012595 0:12:664
5000 1000 150 260 46117896 0:12:883
5000 5000 150 260 46223197 0:12:986
5000 10000 150 260 46328450 0:13:209
5000 20000 150 260 46433703 0:13:528
5000 30000 150 260 46538956 0:13:289
5000 40000 150 260 46644209 0:13:304
5000 50000 150 260 46749462 0:13:571
10000 500 150 260 46854736 0:12:751
10000 1000 150 260 46960146 0:12:953
10000 5000 150 260 47065556 0:13:428
10000 10000 150 260 47170917 0:13:233
10000 20000 150 260 47276278 0:13:187
10000 30000 150 260 47381639 0:13:432
10000 40000 150 260 47487000 0:13:296
10000 50000 150 260 47592361 0:13:500
20000 500 150 260 47697635 0:12:834
20000 1000 150 260 47803045 0:12:984
20000 5000 150 260 47908455 0:13:118
20000 10000 150 260 48013816 0:13:596
20000 20000 150 260 48119177 0:13:647
20000 30000 150 260 48224538 0:13:715
20000 40000 150 260 48329899 0:13:503
20000 50000 150 260 48435260 0:13:332
30000 500 150 260 48540534 0:12:950
30000 1000 150 260 48645944 0:13:105
30000 5000 150 260 48751354 0:13:31
30000 10000 150 260 48856715 0:13:577
30000 20000 150 260 48962076 0:13:356
30000 30000 150 260 49067437 0:13:357
30000 40000 150 260 49172798 0:13:280
30000 50000 150 260 49278159 0:13:327
40000 500 150 260 49383433 0:12:671
40000 1000 150 260 49488843 0:12:994
40000 5000 150 260 49594253 0:13:235
40000 10000 150 260 49699614 0:13:307
40000 20000 150 260 49804975 0:13:272
40000 30000 150 260 49910336 0:13:306
40000 40000 150 260 50015697 0:13:426
40000 50000 150 260 50121058 0:13:365
50000 500 150 260 50226332 0:12:629
50000 1000 150 260 50331742 0:13:74
50000 5000 150 260 50437152 0:13:314
50000 10000 150 260 50542513 0:13:537
50000 20000 150 260 50647874 0:13:336
50000 30000 150 260 50753235 0:13:312
50000 40000 150 260 50858596 0:13:351
50000 50000 150 260 50963957 0:13:392
500 500 150 390 51068176 0:15:938
500 1000 150 390 51172430 0:16:452
500 5000 150 390 51276684 0:16:256
500 10000 150 390 51381044 0:17:544
500 20000 150 390 51485404 0:17:37
500 30000 150 390 51589764 0:17:59
500 40000 150 390 51694124 0:17:463
500 50000 150 390 51798484 0:17:109
1000 500 150 390 51902947 0:16:117
1000 1000 150 390 52007446 0:16:735
1000 5000 150 390 52111945 0:16:624
1000 10000 150 390 52216552 0:17:478
1000 20000 150 390 52321159 0:17:469
1000 30000 150 390 52425766 0:17:770
1000 40000 150 390 52530373 0:17:466
1000 50000 150 390 52634980 0:17:419
5000 500 150 390 52739877 0:16:585
5000 1000 150 390 52844807 0:16:974
5000 5000 150 390 52949737 0:17:155
5000 10000 150 390 53054773 0:17:860
5000 20000 150 390 53159809 0:17:690
5000 30000 150 390 53264845 0:17:884
5000 40000 150 390 53369881 0:18:135
5000 50000 150 390 53474917 0:17:751
10000 500 150 390 53579920 0:16:462
10000 1000 150 390 53684959 0:17:112
10000 5000 150 390 53789998 0:17:109
10000 10000 150 390 53895142 0:17:842
10000 20000 150 390 54000286 0:17:780
10000 30000 150 390 54105430 0:18:211
10000 40000 150 390 54210574 0:17:815
10000 50000 150 390 54315718 0:17:902
20000 500 150 390 54420721 0:16:566
20000 1000 150 390 54525760 0:17:147
20000 5000 150 390 54630799 0:17:439
20000 10000 150 390 54735943 0:17:846
20000 20000 150 390 54841087 0:17:924
20000 30000 150 390 54946231 0:17:796
20000 40000 150 390 55051375 0:17:966
20000 50000 150 390 55156519 0:17:734
30000 500 150 390 55261522 0:16:565
30000 1000 150 390 55366561 0:17:124
30000 5000 150 390 55471600 0:17:244
30000 10000 150 390 55576744 0:18:397
30000 20000 150 390 55681888 0:17:755
30000 30000 150 390 55787032 0:18:1
30000 40000 150 390 55892176 0:17:921
30000 50000 150 390 55997320 0:17:910
40000 500 150 390 56102323 0:16:519
40000 1000 150 390 56207362 0:17:117
40000 5000 150 390 56312401 0:17:184
40000 10000 150 390 56417545 0:17:911
40000 20000 150 390 56522689 0:18:295
40000 30000 150 390 56627833 0:17:787
40000 40000 150 390 56732977 0:18:175
40000 50000 150 390 56838121 0:18:294
50000 500 150 390 56943124 0:16:680
50000 1000 150 390 57048163 0:17:163
50000 5000 150 390 57153202 0:17:515
50000 10000 150 390 57258346 0:18:364
50000 20000 150 390 57363490 0:18:3
50000 30000 150 390 57468634 0:17:873
50000 40000 150 390 57573778 0:17:981
50000 50000 150 390 57678922 0:17:988
500 500 300 130 57783429 0:8:980
500 1000 300 130 57888065 0:8:961
500 5000 300 130 57992701 0:9:152
500 10000 300 130 58097518 0:9:183
500 20000 300 130 58202335 0:9:149
500 30000 300 130 58307152 0:9:344
500 40000 300 130 58411969 0:9:310
500 50000 300 130 58516786 0:9:121
1000 500 300 130 58621424 0:9:856
1000 1000 300 130 58726189 0:10:160
1000 5000 300 130 58830954 0:10:4
1000 10000 300 130 58935900 0:10:408
1000 20000 300 130 59040846 0:10:173
1000 30000 300 130 59145792 0:10:242
1000 40000 300 130 59250738 0:10:342
1000 50000 300 130 59355684 0:10:153
5000 500 300 130 59460734 0:11:448
5000 1000 300 130 59565911 0:11:516
5000 5000 300 130 59671088 0:11:566
5000 10000 300 130 59776449 0:11:770
5000 20000 300 130 59881810 0:11:864
5000 30000 300 130 59987171 0:11:824
5000 40000 300 130 60092532 0:11:906
5000 50000 300 130 60197893 0:11:619
10000 500 300 130 60303034 0:12:31
10000 1000 300 130 60408301 0:12:285
10000 5000 300 130 60513568 0:12:87
10000 10000 300 130 60619016 0:12:156
10000 20000 300 130 60724464 0:12:484
10000 30000 300 130 60829912 0:12:510
10000 40000 300 130 60935360 0:12:271
10000 50000 300 130 61040808 0:12:169
20000 500 300 130 61145949 0:12:101
20000 1000 300 130 61251216 0:12:132
20000 5000 300 130 61356483 0:12:156
20000 10000 300 130 61461931 0:12:339
20000 20000 300 130 61567379 0:12:361
20000 30000 300 130 61672827 0:12:207
20000 40000 300 130 61778275 0:12:382
20000 50000 300 130 61883723 0:12:325
30000 500 300 130 61988864 0:12:190
30000 1000 300 130 62094131 0:12:243
30000 5000 300 130 62199398 0:12:389
30000 10000 300 130 62304846 0:12:404
30000 20000 300 130 62410294 0:12:241
30000 30000 300 130 62515742 0:12:250
30000 40000 300 130 62621190 0:12:485
30000 50000 300 130 62726638 0:12:192
40000 500 300 130 62831779 0:12:129
40000 1000 300 130 62937046 0:12:128
40000 5000 300 130 63042313 0:12:114
40000 10000 300 130 63147761 0:12:605
40000 20000 300 130 63253209 0:12:297
40000 30000 300 130 63358657 0:12:362
40000 40000 300 130 63464105 0:12:213
40000 50000 300 130 63569553 0:12:202
50000 500 300 130 63674694 0:11:980
50000 1000 300 130 63779961 0:12:13
50000 5000 300 130 63885228 0:12:46
50000 10000 300 130 63990676 0:12:186
50000 20000 300 130 64096124 0:12:379
50000 30000 300 130 64201572 0:12:171
50000 40000 300 130 64307020 0:12:174
50000 50000 300 130 64412468 0:12:251
500 500 300 260 64517095 0:13:332
500 1000 300 260 64621859 0:13:601
500 5000 300 260 64726623 0:13:557
500 10000 300 260 64831339 0:13:918
500 20000 300 260 64936055 0:14:46
500 30000 300 260 65040771 0:13:829
500 40000 300 260 65145487 0:13:886
500 50000 300 260 65250203 0:13:823
1000 500 300 260 65354961 0:14:412
1000 1000 300 260 65459854 0:14:645
1000 5000 300 260 65564747 0:14:443
1000 10000 300 260 65669592 0:14:984
1000 20000 300 260 65774437 0:15:213
1000 30000 300 260 65879282 0:15:70
1000 40000 300 260 65984127 0:14:879
1000 50000 300 260 66088972 0:14:880
5000 500 300 260 66194142 0:15:702
5000 1000 300 260 66299447 0:16:230
5000 5000 300 260 66404752 0:16:182
5000 10000 300 260 66510012 0:16:410
5000 20000 300 260 66615272 0:16:657
5000 30000 300 260 66720532 0:16:368
5000 40000 300 260 66825792 0:16:442
5000 50000 300 260 66931052 0:16:686
10000 500 300 260 67036313 0:16:231
10000 1000 300 260 67141708 0:16:621
10000 5000 300 260 67247103 0:16:543
10000 10000 300 260 67352450 0:17:281
10000 20000 300 260 67457797 0:17:517
10000 30000 300 260 67563144 0:16:833
10000 40000 300 260 67668491 0:16:884
10000 50000 300 260 67773838 0:16:931
20000 500 300 260 67879099 0:16:446
20000 1000 300 260 67984494 0:16:574
20000 5000 300 260 68089889 0:16:985
20000 10000 300 260 68195236 0:17:8
20000 20000 300 260 68300583 0:16:924
20000 30000 300 260 68405930 0:17:178
20000 40000 300 260 68511277 0:17:329
20000 50000 300 260 68616624 0:16:896
30000 500 300 260 68721885 0:16:438
30000 1000 300 260 68827280 0:16:681
30000 5000 300 260 68932675 0:16:544
30000 10000 300 260 69038022 0:16:987
30000 20000 300 260 69143369 0:16:871
30000 30000 300 260 69248716 0:16:778
30000 40000 300 260 69354063 0:17:143
30000 50000 300 260 69459410 0:17:253
40000 500 300 260 69564671 0:16:127
40000 1000 300 260 69670066 0:16:520
40000 5000 300 260 69775461 0:16:951
40000 10000 300 260 69880808 0:16:967
40000 20000 300 260 69986155 0:16:941
40000 30000 300 260 70091502 0:16:895
40000 40000 300 260 70196849 0:17:155
40000 50000 300 260 70302196 0:17:51
50000 500 300 260 70407457 0:16:775
50000 1000 300 260 70512852 0:16:853
50000 5000 300 260 70618247 0:16:896
50000 10000 300 260 70723594 0:17:66
50000 20000 300 260 70828941 0:17:78
50000 30000 300 260 70934288 0:16:891
50000 40000 300 260 71039635 0:16:931
50000 50000 300 260 71144982 0:16:871
500 500 300 390 71249338 0:17:204
500 1000 300 390 71353731 0:17:932
500 5000 300 390 71458124 0:17:781
500 10000 300 390 71562623 0:18:481
500 20000 300 390 71667122 0:18:456
500 30000 300 390 71771621 0:18:333
500 40000 300 390 71876120 0:18:895
500 50000 300 390 71980619 0:18:393
1000 500 300 390 72085106 0:18:62
1000 1000 300 390 72189628 0:18:653
1000 5000 300 390 72294150 0:18:790
1000 10000 300 390 72398778 0:19:359
1000 20000 300 390 72503406 0:19:404
1000 30000 300 390 72608034 0:19:871
1000 40000 300 390 72712662 0:19:351
1000 50000 300 390 72817290 0:19:281
5000 500 300 390 72922189 0:20:43
5000 1000 300 390 73027123 0:20:181
5000 5000 300 390 73132057 0:20:185
5000 10000 300 390 73237100 0:20:894
5000 20000 300 390 73342143 0:20:806
5000 30000 300 390 73447186 0:21:271
5000 40000 300 390 73552229 0:20:888
5000 50000 300 390 73657272 0:20:784
10000 500 300 390 73762262 0:20:94
10000 1000 300 390 73867286 0:20:541
10000 5000 300 390 73972310 0:20:894
10000 10000 300 390 74077440 0:21:378
10000 20000 300 390 74182570 0:21:705
10000 30000 300 390 74287700 0:21:280
10000 40000 300 390 74392830 0:21:372
10000 50000 300 390 74497960 0:21:416
20000 500 300 390 74602950 0:20:408
20000 1000 300 390 74707974 0:20:644
20000 5000 300 390 74812998 0:20:580
20000 10000 300 390 74918128 0:21:392
20000 20000 300 390 75023258 0:21:459
20000 30000 300 390 75128388 0:21:328
20000 40000 300 390 75233518 0:21:327
20000 50000 300 390 75338648 0:21:522
30000 500 300 390 75443638 0:20:88
30000 1000 300 390 75548662 0:20:905
30000 5000 300 390 75653686 0:20:986
30000 10000 300 390 75758816 0:21:484
30000 20000 300 390 75863946 0:21:699
30000 30000 300 390 75969076 0:21:291
30000 40000 300 390 76074206 0:21:827
30000 50000 300 390 76179336 0:21:886
40000 500 300 390 76284326 0:20:149
40000 1000 300 390 76389350 0:20:984
40000 5000 300 390 76494374 0:20:555
40000 10000 300 390 76599504 0:21:477
40000 20000 300 390 76704634 0:21:374
40000 30000 300 390 76809764 0:21:996
40000 40000 300 390 76914894 0:21:250
40000 50000 300 390 77020024 0:21:493
50000 500 300 390 77125014 0:20:242
50000 1000 300 390 77230038 0:20:690
50000 5000 300 390 77335062 0:20:650
50000 10000 300 390 77440192 0:21:417
50000 20000 300 390 77545322 0:21:458
50000 30000 300 390 77650452 0:21:630
50000 40000 300 390 77755582 0:21:619
50000 50000 300 390 77860712 0:21:299
500 500 450 130 77965158 0:9:547
500 1000 450 130 78069733 0:9:590
500 5000 450 130 78174308 0:9:554
500 10000 450 130 78279064 0:9:577
500 20000 450 130 78383820 0:9:798
500 30000 450 130 78488576 0:9:597
500 40000 450 130 78593332 0:9:618
500 50000 450 130 78698088 0:9:714
1000 500 450 130 78802338 0:11:266
1000 1000 450 130 78906716 0:11:418
1000 5000 450 130 79011094 0:11:620
1000 10000 450 130 79115655 0:11:486
1000 20000 450 130 79220216 0:11:509
1000 30000 450 130 79324777 0:11:611
1000 40000 450 130 79429338 0:11:766
1000 50000 450 130 79533899 0:11:507
5000 500 450 130 79638042 0:14:893
5000 1000 450 130 79742311 0:14:444
5000 5000 450 130 79846580 0:14:593
5000 10000 450 130 79951029 0:14:676
5000 20000 450 130 80055478 0:14:916
5000 30000 450 130 80159927 0:14:888
5000 40000 450 130 80264376 0:14:874
5000 50000 450 130 80368825 0:15:23
10000 500 450 130 80472950 0:15:818
10000 1000 450 130 80577201 0:15:929
10000 5000 450 130 80681452 0:16:126
10000 10000 450 130 80785886 0:16:143
10000 20000 450 130 80890320 0:16:14
10000 30000 450 130 80994754 0:16:19
10000 40000 450 130 81099188 0:15:995
10000 50000 450 130 81203622 0:16:130
20000 500 450 130 81307747 0:15:647
20000 1000 450 130 81411998 0:16:328
20000 5000 450 130 81516249 0:15:935
20000 10000 450 130 81620683 0:16:201
20000 20000 450 130 81725117 0:15:884
20000 30000 450 130 81829551 0:16:197
20000 40000 450 130 81933985 0:16:90
20000 50000 450 130 82038419 0:16:78
30000 500 450 130 82142544 0:15:640
30000 1000 450 130 82246795 0:16:8
30000 5000 450 130 82351046 0:15:927
30000 10000 450 130 82455480 0:16:248
30000 20000 450 130 82559914 0:16:103
30000 30000 450 130 82664348 0:15:949
30000 40000 450 130 82768782 0:16:123
30000 50000 450 130 82873216 0:15:977
40000 500 450 130 82977341 0:15:860
40000 1000 450 130 83081592 0:16:12
40000 5000 450 130 83185843 0:15:923
40000 10000 450 130 83290277 0:16:113
40000 20000 450 130 83394711 0:16:222
40000 30000 450 130 83499145 0:16:74
40000 40000 450 130 83603579 0:15:980
40000 50000 450 130 83708013 0:15:935
50000 500 450 130 83812138 0:15:941
50000 1000 450 130 83916389 0:15:837
50000 5000 450 130 84020640 0:16:17
50000 10000 450 130 84125074 0:16:283
50000 20000 450 130 84229508 0:15:922
50000 30000 450 130 84333942 0:15:963
50000 40000 450 130 84438376 0:15:941
50000 50000 450 130 84542810 0:16:267
500 500 450 260 84647376 0:13:650
500 1000 450 260 84752079 0:13:970
500 5000 450 260 84856782 0:14:3
500 10000 450 260 84961437 0:14:322
500 20000 450 260 85066092 0:14:603
500 30000 450 260 85170747 0:14:433
500 40000 450 260 85275402 0:14:650
500 50000 450 260 85380057 0:14:417
1000 500 450 260 85484427 0:15:576
1000 1000 450 260 85588933 0:15:831
1000 5000 450 260 85693439 0:16:57
1000 10000 450 260 85797899 0:16:344
1000 20000 450 260 85902359 0:16:527
1000 30000 450 260 86006819 0:16:204
1000 40000 450 260 86111279 0:16:805
1000 50000 450 260 86215739 0:16:686
5000 500 450 260 86320002 0:19:596
5000 1000 450 260 86424399 0:19:667
5000 5000 450 260 86528796 0:19:591
5000 10000 450 260 86633144 0:19:775
5000 20000 450 260 86737492 0:20:108
5000 30000 450 260 86841840 0:19:912
5000 40000 450 260 86946188 0:19:642
5000 50000 450 260 87050536 0:19:353
10000 500 450 260 87154781 0:20:282
10000 1000 450 260 87259160 0:20:534
10000 5000 450 260 87363539 0:20:677
10000 10000 450 260 87467872 0:21:117
10000 20000 450 260 87572205 0:20:938
10000 30000 450 260 87676538 0:20:720
10000 40000 450 260 87780871 0:20:697
10000 50000 450 260 87885204 0:20:622
20000 500 450 260 87989449 0:20:9
20000 1000 450 260 88093828 0:20:438
20000 5000 450 260 88198207 0:20:361
20000 10000 450 260 88302540 0:20:749
20000 20000 450 260 88406873 0:20:755
20000 30000 450 260 88511206 0:20:646
20000 40000 450 260 88615539 0:20:744
20000 50000 450 260 88719872 0:20:684
30000 500 450 260 88824117 0:20:161
30000 1000 450 260 88928496 0:20:489
30000 5000 450 260 89032875 0:20:458
30000 10000 450 260 89137208 0:20:817
30000 20000 450 260 89241541 0:21:206
30000 30000 450 260 89345874 0:20:793
30000 40000 450 260 89450207 0:20:804
30000 50000 450 260 89554540 0:21:102
40000 500 450 260 89658785 0:20:361
40000 1000 450 260 89763164 0:20:384
40000 5000 450 260 89867543 0:20:478
40000 10000 450 260 89971876 0:20:788
40000 20000 450 260 90076209 0:20:743
40000 30000 450 260 90180542 0:20:611
40000 40000 450 260 90284875 0:20:651
40000 50000 450 260 90389208 0:20:805
50000 500 450 260 90493453 0:20:212
50000 1000 450 260 90597832 0:20:382
50000 5000 450 260 90702211 0:20:924
50000 10000 450 260 90806544 0:21:168
50000 20000 450 260 90910877 0:20:733
50000 30000 450 260 91015210 0:21:92
50000 40000 450 260 91119543 0:20:727
50000 50000 450 260 91223876 0:20:674
500 500 450 390 91328171 0:17:547
500 1000 450 390 91432503 0:18:219
500 5000 450 390 91536835 0:18:465
500 10000 450 390 91641273 0:18:923
500 20000 450 390 91745711 0:18:998
500 30000 450 390 91850149 0:18:889
500 40000 450 390 91954587 0:18:813
500 50000 450 390 92059025 0:19:140
1000 500 450 390 92163124 0:19:597
1000 1000 450 390 92267259 0:19:952
1000 5000 450 390 92371394 0:20:83
1000 10000 450 390 92475637 0:21:124
1000 20000 450 390 92579880 0:21:267
1000 30000 450 390 92684123 0:20:674
1000 40000 450 390 92788366 0:20:647
1000 50000 450 390 92892609 0:20:665
5000 500 450 390 92996601 0:22:827
5000 1000 450 390 93100627 0:23:110
5000 5000 450 390 93204653 0:23:749
5000 10000 450 390 93308784 0:24:198
5000 20000 450 390 93412915 0:23:940
5000 30000 450 390 93517046 0:24:436
5000 40000 450 390 93621177 0:23:803
5000 50000 450 390 93725308 0:24:8
10000 500 450 390 93829282 0:24:14
10000 1000 450 390 93933290 0:24:443
10000 5000 450 390 94037298 0:24:791
10000 10000 450 390 94141414 0:25:286
10000 20000 450 390 94245530 0:25:116
10000 30000 450 390 94349646 0:25:709
10000 40000 450 390 94453762 0:25:128
10000 50000 450 390 94557878 0:25:166
20000 500 450 390 94661852 0:24:241
20000 1000 450 390 94765860 0:24:571
20000 5000 450 390 94869868 0:24:906
20000 10000 450 390 94973984 0:25:352
20000 20000 450 390 95078100 0:25:830
20000 30000 450 390 95182216 0:25:152
20000 40000 450 390 95286332 0:25:408
20000 50000 450 390 95390448 0:25:213
30000 500 450 390 95494422 0:23:961
30000 1000 450 390 95598430 0:24:499
30000 5000 450 390 95702438 0:24:567
30000 10000 450 390 95806554 0:25:391
30000 20000 450 390 95910670 0:25:218
30000 30000 450 390 96014786 0:25:205
30000 40000 450 390 96118902 0:25:571
30000 50000 450 390 96223018 0:25:299
40000 500 450 390 96326992 0:23:914
40000 1000 450 390 96431000 0:24:820
40000 5000 450 390 96535008 0:24:479
40000 10000 450 390 96639124 0:25:383
40000 20000 450 390 96743240 0:25:231
40000 30000 450 390 96847356 0:25:245
40000 40000 450 390 96951472 0:25:326
40000 50000 450 390 97055588 0:25:269
50000 500 450 390 97159562 0:24:331
50000 1000 450 390 97263570 0:24:664
50000 5000 450 390 97367578 0:24:566
50000 10000 450 390 97471694 0:25:576
50000 20000 450 390 97575810 0:25:171
50000 30000 450 390 97679926 0:25:167
50000 40000 450 390 97784042 0:25:962
50000 50000 450 390 97888158 0:25:927
