500 500 150 130 326049 0:0:222
500 1000 150 130 329763 0:0:214
500 5000 150 130 333477 0:0:212
500 10000 150 130 337191 0:0:213
500 20000 150 130 340905 0:0:215
500 30000 150 130 344619 0:0:213
500 40000 150 130 348333 0:0:211
500 50000 150 130 352047 0:0:217
1000 500 150 130 355761 0:0:215
1000 1000 150 130 359475 0:0:214
1000 5000 150 130 363189 0:0:216
1000 10000 150 130 366903 0:0:216
1000 20000 150 130 370617 0:0:214
1000 30000 150 130 374331 0:0:215
1000 40000 150 130 378045 0:0:213
1000 50000 150 130 381759 0:0:211
5000 500 150 130 385473 0:0:210
5000 1000 150 130 389187 0:0:212
5000 5000 150 130 392901 0:0:213
5000 10000 150 130 396615 0:0:217
5000 20000 150 130 400329 0:0:213
5000 30000 150 130 404043 0:0:215
5000 40000 150 130 407757 0:0:213
5000 50000 150 130 411471 0:0:213
10000 500 150 130 415185 0:0:214
10000 1000 150 130 418899 0:0:214
10000 5000 150 130 422613 0:0:214
10000 10000 150 130 426327 0:0:212
10000 20000 150 130 430041 0:0:213
10000 30000 150 130 433755 0:0:215
10000 40000 150 130 437469 0:0:213
10000 50000 150 130 441183 0:0:212
20000 500 150 130 444897 0:0:211
20000 1000 150 130 448611 0:0:216
20000 5000 150 130 452325 0:0:213
20000 10000 150 130 456039 0:0:212
20000 20000 150 130 459753 0:0:214
20000 30000 150 130 463467 0:0:210
20000 40000 150 130 467181 0:0:210
20000 50000 150 130 470895 0:0:214
30000 500 150 130 474609 0:0:212
30000 1000 150 130 478323 0:0:213
30000 5000 150 130 482037 0:0:221
30000 10000 150 130 485751 0:0:215
30000 20000 150 130 489465 0:0:212
30000 30000 150 130 493179 0:0:217
30000 40000 150 130 496893 0:0:216
30000 50000 150 130 500607 0:0:212
40000 500 150 130 504321 0:0:216
40000 1000 150 130 508035 0:0:213
40000 5000 150 130 511749 0:0:212
40000 10000 150 130 515463 0:0:212
40000 20000 150 130 519177 0:0:214
40000 30000 150 130 522891 0:0:211
40000 40000 150 130 526605 0:0:218
40000 50000 150 130 530319 0:0:214
50000 500 150 130 534033 0:0:211
50000 1000 150 130 537747 0:0:211
50000 5000 150 130 541461 0:0:215
50000 10000 150 130 545175 0:0:213
50000 20000 150 130 548889 0:0:212
50000 30000 150 130 552603 0:0:214
50000 40000 150 130 556317 0:0:211
50000 50000 150 130 560031 0:0:214
500 500 150 260 563727 0:0:238
500 1000 150 260 567423 0:0:237
500 5000 150 260 571119 0:0:236
500 10000 150 260 574815 0:0:244
500 20000 150 260 578511 0:0:242
500 30000 150 260 582207 0:0:240
500 40000 150 260 585903 0:0:238
500 50000 150 260 589599 0:0:238
1000 500 150 260 593295 0:0:237
1000 1000 150 260 596991 0:0:235
1000 5000 150 260 600687 0:0:239
1000 10000 150 260 604383 0:0:235
1000 20000 150 260 608079 0:0:237
1000 30000 150 260 611775 0:0:241
1000 40000 150 260 615471 0:0:239
1000 50000 150 260 619167 0:0:237
5000 500 150 260 622863 0:0:238
5000 1000 150 260 626559 0:0:240
5000 5000 150 260 630255 0:0:241
5000 10000 150 260 633951 0:0:240
5000 20000 150 260 637647 0:0:237
5000 30000 150 260 641343 0:0:239
5000 40000 150 260 645039 0:0:237
5000 50000 150 260 648735 0:0:237
10000 500 150 260 652431 0:0:238
10000 1000 150 260 656127 0:0:242
10000 5000 150 260 659823 0:0:237
10000 10000 150 260 663519 0:0:240
10000 20000 150 260 667215 0:0:243
10000 30000 150 260 670911 0:0:240
10000 40000 150 260 674607 0:0:236
10000 50000 150 260 678303 0:0:236
20000 500 150 260 681999 0:0:237
20000 1000 150 260 685695 0:0:238
20000 5000 150 260 689391 0:0:238
20000 10000 150 260 693087 0:0:237
20000 20000 150 260 696783 0:0:237
20000 30000 150 260 700479 0:0:237
20000 40000 150 260 704175 0:0:238
20000 50000 150 260 707871 0:0:235
30000 500 150 260 711567 0:0:236
30000 1000 150 260 715263 0:0:238
30000 5000 150 260 718959 0:0:236
30000 10000 150 260 722655 0:0:236
30000 20000 150 260 726351 0:0:236
30000 30000 150 260 730047 0:0:237
30000 40000 150 260 733743 0:0:242
30000 50000 150 260 737439 0:0:237
40000 500 150 260 741135 0:0:241
40000 1000 150 260 744831 0:0:242
40000 5000 150 260 748527 0:0:237
40000 10000 150 260 752223 0:0:236
40000 20000 150 260 755919 0:0:246
40000 30000 150 260 759615 0:0:240
40000 40000 150 260 763311 0:0:239
40000 50000 150 260 767007 0:0:242
50000 500 150 260 770703 0:0:238
50000 1000 150 260 774399 0:0:236
50000 5000 150 260 778095 0:0:237
50000 10000 150 260 781791 0:0:244
50000 20000 150 260 785487 0:0:237
50000 30000 150 260 789183 0:0:241
50000 40000 150 260 792879 0:0:238
50000 50000 150 260 796575 0:0:236
500 500 150 390 800271 0:0:238
500 1000 150 390 803967 0:0:238
500 5000 150 390 807663 0:0:243
500 10000 150 390 811359 0:0:237
500 20000 150 390 815055 0:0:237
500 30000 150 390 818751 0:0:240
500 40000 150 390 822447 0:0:238
500 50000 150 390 826143 0:0:237
1000 500 150 390 829839 0:0:240
1000 1000 150 390 833535 0:0:239
1000 5000 150 390 837231 0:0:238
1000 10000 150 390 840927 0:0:237
1000 20000 150 390 844623 0:0:237
1000 30000 150 390 848319 0:0:238
1000 40000 150 390 852015 0:0:245
1000 50000 150 390 855711 0:0:240
5000 500 150 390 859407 0:0:239
5000 1000 150 390 863103 0:0:237
5000 5000 150 390 866799 0:0:243
5000 10000 150 390 870495 0:0:237
5000 20000 150 390 874191 0:0:239
5000 30000 150 390 877887 0:0:237
5000 40000 150 390 881583 0:0:245
5000 50000 150 390 885279 0:0:244
10000 500 150 390 888975 0:0:242
10000 1000 150 390 892671 0:0:239
10000 5000 150 390 896367 0:0:237
10000 10000 150 390 900063 0:0:236
10000 20000 150 390 903759 0:0:238
10000 30000 150 390 907455 0:0:238
10000 40000 150 390 911151 0:0:236
10000 50000 150 390 914847 0:0:236
20000 500 150 390 918543 0:0:237
20000 1000 150 390 922239 0:0:238
20000 5000 150 390 925935 0:0:237
20000 10000 150 390 929631 0:0:238
20000 20000 150 390 933327 0:0:238
20000 30000 150 390 937023 0:0:239
20000 40000 150 390 940719 0:0:245
20000 50000 150 390 944415 0:0:237
30000 500 150 390 948111 0:0:239
30000 1000 150 390 951807 0:0:241
30000 5000 150 390 955503 0:0:239
30000 10000 150 390 959199 0:0:238
30000 20000 150 390 962895 0:0:237
30000 30000 150 390 966591 0:0:238
30000 40000 150 390 970287 0:0:245
30000 50000 150 390 973983 0:0:239
40000 500 150 390 977679 0:0:238
40000 1000 150 390 981375 0:0:240
40000 5000 150 390 985071 0:0:241
40000 10000 150 390 988767 0:0:237
40000 20000 150 390 992463 0:0:238
40000 30000 150 390 996159 0:0:241
40000 40000 150 390 999855 0:0:239
40000 50000 150 390 1003551 0:0:241
50000 500 150 390 1007247 0:0:243
50000 1000 150 390 1010943 0:0:242
50000 5000 150 390 1014639 0:0:239
50000 10000 150 390 1018335 0:0:240
50000 20000 150 390 1022031 0:0:238
50000 30000 150 390 1025727 0:0:240
50000 40000 150 390 1029423 0:0:244
50000 50000 150 390 1033119 0:0:242
500 500 300 130 1036856 0:0:216
500 1000 300 130 1040593 0:0:214
500 5000 300 130 1044330 0:0:217
500 10000 300 130 1048067 0:0:214
500 20000 300 130 1051804 0:0:215
500 30000 300 130 1055541 0:0:213
500 40000 300 130 1059278 0:0:215
500 50000 300 130 1063015 0:0:217
1000 500 300 130 1066752 0:0:219
1000 1000 300 130 1070489 0:0:217
1000 5000 300 130 1074226 0:0:216
1000 10000 300 130 1077963 0:0:216
1000 20000 300 130 1081700 0:0:215
1000 30000 300 130 1085437 0:0:218
1000 40000 300 130 1089174 0:0:216
1000 50000 300 130 1092911 0:0:214
5000 500 300 130 1096648 0:0:219
5000 1000 300 130 1100385 0:0:218
5000 5000 300 130 1104122 0:0:214
5000 10000 300 130 1107859 0:0:217
5000 20000 300 130 1111596 0:0:215
5000 30000 300 130 1115333 0:0:215
5000 40000 300 130 1119070 0:0:216
5000 50000 300 130 1122807 0:0:215
10000 500 300 130 1126544 0:0:220
10000 1000 300 130 1130281 0:0:216
10000 5000 300 130 1134018 0:0:216
10000 10000 300 130 1137755 0:0:214
10000 20000 300 130 1141492 0:0:215
10000 30000 300 130 1145229 0:0:218
10000 40000 300 130 1148966 0:0:216
10000 50000 300 130 1152703 0:0:215
20000 500 300 130 1156440 0:0:215
20000 1000 300 130 1160177 0:0:213
20000 5000 300 130 1163914 0:0:217
20000 10000 300 130 1167651 0:0:219
20000 20000 300 130 1171388 0:0:215
20000 30000 300 130 1175125 0:0:215
20000 40000 300 130 1178862 0:0:214
20000 50000 300 130 1182599 0:0:215
30000 500 300 130 1186336 0:0:219
30000 1000 300 130 1190073 0:0:217
30000 5000 300 130 1193810 0:0:215
30000 10000 300 130 1197547 0:0:215
30000 20000 300 130 1201284 0:0:218
30000 30000 300 130 1205021 0:0:216
30000 40000 300 130 1208758 0:0:220
30000 50000 300 130 1212495 0:0:217
40000 500 300 130 1216232 0:0:223
40000 1000 300 130 1219969 0:0:213
40000 5000 300 130 1223706 0:0:216
40000 10000 300 130 1227443 0:0:215
40000 20000 300 130 1231180 0:0:215
40000 30000 300 130 1234917 0:0:216
40000 40000 300 130 1238654 0:0:214
40000 50000 300 130 1242391 0:0:215
50000 500 300 130 1246128 0:0:216
50000 1000 300 130 1249865 0:0:217
50000 5000 300 130 1253602 0:0:215
50000 10000 300 130 1257339 0:0:216
50000 20000 300 130 1261076 0:0:216
50000 30000 300 130 1264813 0:0:216
50000 40000 300 130 1268550 0:0:216
50000 50000 300 130 1272287 0:0:214
500 500 300 260 1276006 0:0:247
500 1000 300 260 1279725 0:0:240
500 5000 300 260 1283444 0:0:240
500 10000 300 260 1287163 0:0:241
500 20000 300 260 1290882 0:0:239
500 30000 300 260 1294601 0:0:241
500 40000 300 260 1298320 0:0:242
500 50000 300 260 1302039 0:0:244
1000 500 300 260 1305758 0:0:251
1000 1000 300 260 1309477 0:0:240
1000 5000 300 260 1313196 0:0:239
1000 10000 300 260 1316915 0:0:242
1000 20000 300 260 1320634 0:0:245
1000 30000 300 260 1324353 0:0:243
1000 40000 300 260 1328072 0:0:240
1000 50000 300 260 1331791 0:0:240
5000 500 300 260 1335510 0:0:241
5000 1000 300 260 1339229 0:0:244
5000 5000 300 260 1342948 0:0:243
5000 10000 300 260 1346667 0:0:239
5000 20000 300 260 1350386 0:0:239
5000 30000 300 260 1354105 0:0:242
5000 40000 300 260 1357824 0:0:240
5000 50000 300 260 1361543 0:0:243
10000 500 300 260 1365262 0:0:240
10000 1000 300 260 1368981 0:0:247
10000 5000 300 260 1372700 0:0:243
10000 10000 300 260 1376419 0:0:240
10000 20000 300 260 1380138 0:0:241
10000 30000 300 260 1383857 0:0:245
10000 40000 300 260 1387576 0:0:243
10000 50000 300 260 1391295 0:0:240
20000 500 300 260 1395014 0:0:254
20000 1000 300 260 1398733 0:0:241
20000 5000 300 260 1402452 0:0:239
20000 10000 300 260 1406171 0:0:240
20000 20000 300 260 1409890 0:0:239
20000 30000 300 260 1413609 0:0:240
20000 40000 300 260 1417328 0:0:237
20000 50000 300 260 1421047 0:0:246
30000 500 300 260 1424766 0:0:241
30000 1000 300 260 1428485 0:0:245
30000 5000 300 260 1432204 0:0:245
30000 10000 300 260 1435923 0:0:242
30000 20000 300 260 1439642 0:0:239
30000 30000 300 260 1443361 0:0:242
30000 40000 300 260 1447080 0:0:240
30000 50000 300 260 1450799 0:0:240
40000 500 300 260 1454518 0:0:242
40000 1000 300 260 1458237 0:0:240
40000 5000 300 260 1461956 0:0:240
40000 10000 300 260 1465675 0:0:240
40000 20000 300 260 1469394 0:0:241
40000 30000 300 260 1473113 0:0:252
40000 40000 300 260 1476832 0:0:245
40000 50000 300 260 1480551 0:0:244
50000 500 300 260 1484270 0:0:242
50000 1000 300 260 1487989 0:0:241
50000 5000 300 260 1491708 0:0:239
50000 10000 300 260 1495427 0:0:243
50000 20000 300 260 1499146 0:0:241
50000 30000 300 260 1502865 0:0:244
50000 40000 300 260 1506584 0:0:241
50000 50000 300 260 1510303 0:0:242
500 500 300 390 1514022 0:0:248
500 1000 300 390 1517741 0:0:242
500 5000 300 390 1521460 0:0:241
500 10000 300 390 1525179 0:0:242
500 20000 300 390 1528898 0:0:247
500 30000 300 390 1532617 0:0:240
500 40000 300 390 1536336 0:0:242
500 50000 300 390 1540055 0:0:239
1000 500 300 390 1543774 0:0:247
1000 1000 300 390 1547493 0:0:241
1000 5000 300 390 1551212 0:0:242
1000 10000 300 390 1554931 0:0:241
1000 20000 300 390 1558650 0:0:243
1000 30000 300 390 1562369 0:0:242
1000 40000 300 390 1566088 0:0:241
1000 50000 300 390 1569807 0:0:253
5000 500 300 390 1573526 0:0:244
5000 1000 300 390 1577245 0:0:241
5000 5000 300 390 1580964 0:0:241
5000 10000 300 390 1584683 0:0:240
5000 20000 300 390 1588402 0:0:242
5000 30000 300 390 1592121 0:0:242
5000 40000 300 390 1595840 0:0:242
5000 50000 300 390 1599559 0:0:242
10000 500 300 390 1603278 0:0:240
10000 1000 300 390 1606997 0:0:241
10000 5000 300 390 1610716 0:0:248
10000 10000 300 390 1614435 0:0:244
10000 20000 300 390 1618154 0:0:243
10000 30000 300 390 1621873 0:0:242
10000 40000 300 390 1625592 0:0:242
10000 50000 300 390 1629311 0:0:243
20000 500 300 390 1633030 0:0:242
20000 1000 300 390 1636749 0:0:243
20000 5000 300 390 1640468 0:0:242
20000 10000 300 390 1644187 0:0:240
20000 20000 300 390 1647906 0:0:243
20000 30000 300 390 1651625 0:0:241
20000 40000 300 390 1655344 0:0:241
20000 50000 300 390 1659063 0:0:240
30000 500 300 390 1662782 0:0:247
30000 1000 300 390 1666501 0:0:248
30000 5000 300 390 1670220 0:0:243
30000 10000 300 390 1673939 0:0:244
30000 20000 300 390 1677658 0:0:245
30000 30000 300 390 1681377 0:0:244
30000 40000 300 390 1685096 0:0:243
30000 50000 300 390 1688815 0:0:240
40000 500 300 390 1692534 0:0:244
40000 1000 300 390 1696253 0:0:244
40000 5000 300 390 1699972 0:0:244
40000 10000 300 390 1703691 0:0:245
40000 20000 300 390 1707410 0:0:246
40000 30000 300 390 1711129 0:0:248
40000 40000 300 390 1714848 0:0:242
40000 50000 300 390 1718567 0:0:239
50000 500 300 390 1722286 0:0:241
50000 1000 300 390 1726005 0:0:239
50000 5000 300 390 1729724 0:0:241
50000 10000 300 390 1733443 0:0:244
50000 20000 300 390 1737162 0:0:242
50000 30000 300 390 1740881 0:0:240
50000 40000 300 390 1744600 0:0:240
50000 50000 300 390 1748319 0:0:240
500 500 450 130 1752056 0:0:218
500 1000 450 130 1755793 0:0:216
500 5000 450 130 1759530 0:0:222
500 10000 450 130 1763267 0:0:219
500 20000 450 130 1767004 0:0:217
500 30000 450 130 1770741 0:0:215
500 40000 450 130 1774478 0:0:214
500 50000 450 130 1778215 0:0:214
1000 500 450 130 1781952 0:0:215
1000 1000 450 130 1785689 0:0:217
1000 5000 450 130 1789426 0:0:219
1000 10000 450 130 1793163 0:0:217
1000 20000 450 130 1796900 0:0:218
1000 30000 450 130 1800637 0:0:214
1000 40000 450 130 1804374 0:0:216
1000 50000 450 130 1808111 0:0:215
5000 500 450 130 1811848 0:0:220
5000 1000 450 130 1815585 0:0:217
5000 5000 450 130 1819322 0:0:214
5000 10000 450 130 1823059 0:0:216
5000 20000 450 130 1826796 0:0:217
5000 30000 450 130 1830533 0:0:218
5000 40000 450 130 1834270 0:0:218
5000 50000 450 130 1838007 0:0:215
10000 500 450 130 1841744 0:0:214
10000 1000 450 130 1845481 0:0:214
10000 5000 450 130 1849218 0:0:216
10000 10000 450 130 1852955 0:0:223
10000 20000 450 130 1856692 0:0:216
10000 30000 450 130 1860429 0:0:214
10000 40000 450 130 1864166 0:0:218
10000 50000 450 130 1867903 0:0:218
20000 500 450 130 1871640 0:0:220
20000 1000 450 130 1875377 0:0:218
20000 5000 450 130 1879114 0:0:217
20000 10000 450 130 1882851 0:0:215
20000 20000 450 130 1886588 0:0:216
20000 30000 450 130 1890325 0:0:215
20000 40000 450 130 1894062 0:0:216
20000 50000 450 130 1897799 0:0:215
30000 500 450 130 1901536 0:0:215
30000 1000 450 130 1905273 0:0:215
30000 5000 450 130 1909010 0:0:215
30000 10000 450 130 1912747 0:0:217
30000 20000 450 130 1916484 0:0:214
30000 30000 450 130 1920221 0:0:215
30000 40000 450 130 1923958 0:0:216
30000 50000 450 130 1927695 0:0:214
40000 500 450 130 1931432 0:0:217
40000 1000 450 130 1935169 0:0:217
40000 5000 450 130 1938906 0:0:214
40000 10000 450 130 1942643 0:0:218
40000 20000 450 130 1946380 0:0:215
40000 30000 450 130 1950117 0:0:217
40000 40000 450 130 1953854 0:0:217
40000 50000 450 130 1957591 0:0:214
50000 500 450 130 1961328 0:0:214
50000 1000 450 130 1965065 0:0:213
50000 5000 450 130 1968802 0:0:219
50000 10000 450 130 1972539 0:0:220
50000 20000 450 130 1976276 0:0:216
50000 30000 450 130 1980013 0:0:214
50000 40000 450 130 1983750 0:0:217
50000 50000 450 130 1987487 0:0:215
500 500 450 260 1991206 0:0:244
500 1000 450 260 1994925 0:0:242
500 5000 450 260 1998644 0:0:247
500 10000 450 260 2002363 0:0:242
500 20000 450 260 2006082 0:0:243
500 30000 450 260 2009801 0:0:242
500 40000 450 260 2013520 0:0:246
500 50000 450 260 2017239 0:0:239
1000 500 450 260 2020958 0:0:239
1000 1000 450 260 2024677 0:0:240
1000 5000 450 260 2028396 0:0:246
1000 10000 450 260 2032115 0:0:239
1000 20000 450 260 2035834 0:0:241
1000 30000 450 260 2039553 0:0:240
1000 40000 450 260 2043272 0:0:245
1000 50000 450 260 2046991 0:0:248
5000 500 450 260 2050710 0:0:242
5000 1000 450 260 2054429 0:0:240
5000 5000 450 260 2058148 0:0:245
5000 10000 450 260 2061867 0:0:242
5000 20000 450 260 2065586 0:0:240
5000 30000 450 260 2069305 0:0:241
5000 40000 450 260 2073024 0:0:249
5000 50000 450 260 2076743 0:0:241
10000 500 450 260 2080462 0:0:239
10000 1000 450 260 2084181 0:0:241
10000 5000 450 260 2087900 0:0:245
10000 10000 450 260 2091619 0:0:239
10000 20000 450 260 2095338 0:0:242
10000 30000 450 260 2099057 0:0:239
10000 40000 450 260 2102776 0:0:245
10000 50000 450 260 2106495 0:0:241
20000 500 450 260 2110214 0:0:244
20000 1000 450 260 2113933 0:0:239
20000 5000 450 260 2117652 0:0:244
20000 10000 450 260 2121371 0:0:239
20000 20000 450 260 2125090 0:0:242
20000 30000 450 260 2128809 0:0:241
20000 40000 450 260 2132528 0:0:246
20000 50000 450 260 2136247 0:0:241
30000 500 450 260 2139966 0:0:245
30000 1000 450 260 2143685 0:0:242
30000 5000 450 260 2147404 0:0:247
30000 10000 450 260 2151123 0:0:239
30000 20000 450 260 2154842 0:0:242
30000 30000 450 260 2158561 0:0:241
30000 40000 450 260 2162280 0:0:247
30000 50000 450 260 2165999 0:0:242
40000 500 450 260 2169718 0:0:242
40000 1000 450 260 2173437 0:0:240
40000 5000 450 260 2177156 0:0:246
40000 10000 450 260 2180875 0:0:240
40000 20000 450 260 2184594 0:0:244
40000 30000 450 260 2188313 0:0:239
40000 40000 450 260 2192032 0:0:246
40000 50000 450 260 2195751 0:0:240
50000 500 450 260 2199470 0:0:246
50000 1000 450 260 2203189 0:0:242
50000 5000 450 260 2206908 0:0:245
50000 10000 450 260 2210627 0:0:240
50000 20000 450 260 2214346 0:0:242
50000 30000 450 260 2218065 0:0:240
50000 40000 450 260 2221784 0:0:246
50000 50000 450 260 2225503 0:0:241
500 500 450 390 2229222 0:0:255
500 1000 450 390 2232941 0:0:244
500 5000 450 390 2236660 0:0:246
500 10000 450 390 2240379 0:0:244
500 20000 450 390 2244098 0:0:242
500 30000 450 390 2247817 0:0:242
500 40000 450 390 2251536 0:0:240
500 50000 450 390 2255255 0:0:239
1000 500 450 390 2258974 0:0:241
1000 1000 450 390 2262693 0:0:242
1000 5000 450 390 2266412 0:0:241
1000 10000 450 390 2270131 0:0:239
1000 20000 450 390 2273850 0:0:244
1000 30000 450 390 2277569 0:0:241
1000 40000 450 390 2281288 0:0:239
1000 50000 450 390 2285007 0:0:240
5000 500 450 390 2288726 0:0:243
5000 1000 450 390 2292445 0:0:242
5000 5000 450 390 2296164 0:0:242
5000 10000 450 390 2299883 0:0:241
5000 20000 450 390 2303602 0:0:247
5000 30000 450 390 2307321 0:0:243
5000 40000 450 390 2311040 0:0:238
5000 50000 450 390 2314759 0:0:240
10000 500 450 390 2318478 0:0:246
10000 1000 450 390 2322197 0:0:245
10000 5000 450 390 2325916 0:0:242
10000 10000 450 390 2329635 0:0:247
10000 20000 450 390 2333354 0:0:243
10000 30000 450 390 2337073 0:0:245
10000 40000 450 390 2340792 0:0:241
10000 50000 450 390 2344511 0:0:239
20000 500 450 390 2348230 0:0:241
20000 1000 450 390 2351949 0:0:240
20000 5000 450 390 2355668 0:0:241
20000 10000 450 390 2359387 0:0:245
20000 20000 450 390 2363106 0:0:246
20000 30000 450 390 2366825 0:0:242
20000 40000 450 390 2370544 0:0:241
20000 50000 450 390 2374263 0:0:245
30000 500 450 390 2377982 0:0:242
30000 1000 450 390 2381701 0:0:241
30000 5000 450 390 2385420 0:0:245
30000 10000 450 390 2389139 0:0:246
30000 20000 450 390 2392858 0:0:240
30000 30000 450 390 2396577 0:0:246
30000 40000 450 390 2400296 0:0:240
30000 50000 450 390 2404015 0:0:243
40000 500 450 390 2407734 0:0:241
40000 1000 450 390 2411453 0:0:254
40000 5000 450 390 2415172 0:0:246
40000 10000 450 390 2418891 0:0:241
40000 20000 450 390 2422610 0:0:242
40000 30000 450 390 2426329 0:0:240
40000 40000 450 390 2430048 0:0:241
40000 50000 450 390 2433767 0:0:241
50000 500 450 390 2437486 0:0:239
50000 1000 450 390 2441205 0:0:242
50000 5000 450 390 2444924 0:0:242
50000 10000 450 390 2448643 0:0:240
50000 20000 450 390 2452362 0:0:239
50000 30000 450 390 2456081 0:0:240
50000 40000 450 390 2459800 0:0:241
50000 50000 450 390 2463519 0:0:240
