500 0 138 0 24261 0:9:85
1000 0 138 0 25089 0:9:398
5000 0 138 0 25929 0:9:190
10000 0 138 0 26772 0:9:485
20000 0 138 0 27624 0:9:516
30000 0 138 0 28479 0:9:661
40000 0 138 0 29334 0:9:337
50000 0 138 0 30189 0:9:318
500 0 276 0 31734 0:19:518
1000 0 276 0 33291 0:18:768
5000 0 276 0 34887 0:18:293
10000 0 276 0 36486 0:18:499
20000 0 276 0 38115 0:18:917
30000 0 276 0 39750 0:18:817
40000 0 276 0 41385 0:18:944
50000 0 276 0 43020 0:18:740
500 0 414 0 45192 0:25:982
1000 0 414 0 47385 0:26:732
5000 0 414 0 49674 0:28:146
10000 0 414 0 51978 0:27:533
20000 0 414 0 54321 0:27:859
30000 0 414 0 56685 0:28:442
40000 0 414 0 59049 0:29:130
50000 0 414 0 61413 0:29:592
