500 500 150 130 2483642 0:1:429
500 1000 150 130 2503765 0:1:406
500 5000 150 130 2523953 0:1:460
500 10000 150 130 2544141 0:1:448
500 20000 150 130 2564329 0:1:464
500 30000 150 130 2584517 0:1:449
500 40000 150 130 2604705 0:1:456
500 50000 150 130 2624893 0:1:487
1000 500 150 130 2645002 0:1:502
1000 1000 150 130 2665111 0:1:475
1000 5000 150 130 2685285 0:1:512
1000 10000 150 130 2705459 0:1:516
1000 20000 150 130 2725633 0:1:511
1000 30000 150 130 2745807 0:1:523
1000 40000 150 130 2765981 0:1:526
1000 50000 150 130 2786155 0:1:515
5000 500 150 130 2806271 0:1:594
5000 1000 150 130 2826387 0:1:595
5000 5000 150 130 2846568 0:1:630
5000 10000 150 130 2866749 0:1:638
5000 20000 150 130 2886930 0:1:646
5000 30000 150 130 2907111 0:1:639
5000 40000 150 130 2927292 0:1:655
5000 50000 150 130 2947473 0:1:681
10000 500 150 130 2967589 0:1:593
10000 1000 150 130 2987705 0:1:604
10000 5000 150 130 3007886 0:1:671
10000 10000 150 130 3028067 0:1:660
10000 20000 150 130 3048248 0:1:627
10000 30000 150 130 3068429 0:1:643
10000 40000 150 130 3088610 0:1:642
10000 50000 150 130 3108791 0:1:674
20000 500 150 130 3128907 0:1:582
20000 1000 150 130 3149023 0:1:590
20000 5000 150 130 3169204 0:1:622
20000 10000 150 130 3189385 0:1:633
20000 20000 150 130 3209566 0:1:650
20000 30000 150 130 3229747 0:1:634
20000 40000 150 130 3249928 0:1:658
20000 50000 150 130 3270109 0:1:655
30000 500 150 130 3290225 0:1:599
30000 1000 150 130 3310341 0:1:595
30000 5000 150 130 3330522 0:1:644
30000 10000 150 130 3350703 0:1:674
30000 20000 150 130 3370884 0:1:658
30000 30000 150 130 3391065 0:1:639
30000 40000 150 130 3411246 0:1:643
30000 50000 150 130 3431427 0:1:625
40000 500 150 130 3451543 0:1:637
40000 1000 150 130 3471659 0:1:589
40000 5000 150 130 3491840 0:1:651
40000 10000 150 130 3512021 0:1:654
40000 20000 150 130 3532202 0:1:670
40000 30000 150 130 3552383 0:1:659
40000 40000 150 130 3572564 0:1:653
40000 50000 150 130 3592745 0:1:646
50000 500 150 130 3612861 0:1:697
50000 1000 150 130 3632977 0:1:653
50000 5000 150 130 3653158 0:1:660
50000 10000 150 130 3673339 0:1:653
50000 20000 150 130 3693520 0:1:626
50000 30000 150 130 3713701 0:1:639
50000 40000 150 130 3733882 0:1:634
50000 50000 150 130 3754063 0:1:639
500 500 150 260 3774180 0:2:133
500 1000 150 260 3794297 0:2:117
500 5000 150 260 3814419 0:2:186
500 10000 150 260 3834541 0:2:161
500 20000 150 260 3854663 0:2:190
500 30000 150 260 3874785 0:2:278
500 40000 150 260 3894907 0:2:177
500 50000 150 260 3915029 0:2:174
1000 500 150 260 3935132 0:2:138
1000 1000 150 260 3955235 0:2:161
1000 5000 150 260 3975343 0:2:264
1000 10000 150 260 3995451 0:2:252
1000 20000 150 260 4015559 0:2:220
1000 30000 150 260 4035667 0:2:227
1000 40000 150 260 4055775 0:2:261
1000 50000 150 260 4075883 0:2:235
5000 500 150 260 4095993 0:2:283
5000 1000 150 260 4116103 0:2:275
5000 5000 150 260 4136218 0:2:372
5000 10000 150 260 4156333 0:2:358
5000 20000 150 260 4176448 0:2:371
5000 30000 150 260 4196563 0:2:387
5000 40000 150 260 4216678 0:2:369
5000 50000 150 260 4236793 0:2:378
10000 500 150 260 4256903 0:2:266
10000 1000 150 260 4277013 0:2:282
10000 5000 150 260 4297128 0:2:358
10000 10000 150 260 4317243 0:2:382
10000 20000 150 260 4337358 0:2:328
10000 30000 150 260 4357473 0:2:425
10000 40000 150 260 4377588 0:2:359
10000 50000 150 260 4397703 0:2:374
20000 500 150 260 4417813 0:2:259
20000 1000 150 260 4437923 0:2:328
20000 5000 150 260 4458038 0:2:358
20000 10000 150 260 4478153 0:2:416
20000 20000 150 260 4498268 0:2:343
20000 30000 150 260 4518383 0:2:338
20000 40000 150 260 4538498 0:2:456
20000 50000 150 260 4558613 0:2:342
30000 500 150 260 4578723 0:2:314
30000 1000 150 260 4598833 0:2:286
30000 5000 150 260 4618948 0:2:399
30000 10000 150 260 4639063 0:2:411
30000 20000 150 260 4659178 0:2:397
30000 30000 150 260 4679293 0:2:373
30000 40000 150 260 4699408 0:2:394
30000 50000 150 260 4719523 0:2:373
40000 500 150 260 4739633 0:2:280
40000 1000 150 260 4759743 0:2:267
40000 5000 150 260 4779858 0:2:374
40000 10000 150 260 4799973 0:2:383
40000 20000 150 260 4820088 0:2:368
40000 30000 150 260 4840203 0:2:363
40000 40000 150 260 4860318 0:2:352
40000 50000 150 260 4880433 0:2:356
50000 500 150 260 4900543 0:2:293
50000 1000 150 260 4920653 0:2:276
50000 5000 150 260 4940768 0:2:345
50000 10000 150 260 4960883 0:2:376
50000 20000 150 260 4980998 0:2:394
50000 30000 150 260 5001113 0:2:395
50000 40000 150 260 5021228 0:2:367
50000 50000 150 260 5041343 0:2:341
500 500 150 390 5061412 0:2:600
500 1000 150 390 5081481 0:2:619
500 5000 150 390 5101580 0:2:742
500 10000 150 390 5121679 0:2:742
500 20000 150 390 5141778 0:2:801
500 30000 150 390 5161877 0:2:764
500 40000 150 390 5181976 0:2:714
500 50000 150 390 5202075 0:2:760
1000 500 150 390 5222130 0:2:744
1000 1000 150 390 5242185 0:2:694
1000 5000 150 390 5262270 0:2:806
1000 10000 150 390 5282355 0:2:822
1000 20000 150 390 5302440 0:2:880
1000 30000 150 390 5322525 0:2:868
1000 40000 150 390 5342610 0:2:846
1000 50000 150 390 5362695 0:2:817
5000 500 150 390 5382757 0:2:846
5000 1000 150 390 5402819 0:2:816
5000 5000 150 390 5422911 0:2:991
5000 10000 150 390 5443003 0:2:931
5000 20000 150 390 5463095 0:2:934
5000 30000 150 390 5483187 0:2:946
5000 40000 150 390 5503279 0:2:917
5000 50000 150 390 5523371 0:2:935
10000 500 150 390 5543433 0:2:769
10000 1000 150 390 5563495 0:2:802
10000 5000 150 390 5583587 0:2:929
10000 10000 150 390 5603679 0:2:943
10000 20000 150 390 5623771 0:3:7
10000 30000 150 390 5643863 0:3:14
10000 40000 150 390 5663955 0:2:957
10000 50000 150 390 5684047 0:2:933
20000 500 150 390 5704109 0:2:787
20000 1000 150 390 5724171 0:2:868
20000 5000 150 390 5744263 0:2:915
20000 10000 150 390 5764355 0:2:945
20000 20000 150 390 5784447 0:2:955
20000 30000 150 390 5804539 0:2:958
20000 40000 150 390 5824631 0:2:917
20000 50000 150 390 5844723 0:2:940
30000 500 150 390 5864785 0:2:787
30000 1000 150 390 5884847 0:2:773
30000 5000 150 390 5904939 0:2:938
30000 10000 150 390 5925031 0:2:927
30000 20000 150 390 5945123 0:2:935
30000 30000 150 390 5965215 0:2:910
30000 40000 150 390 5985307 0:2:933
30000 50000 150 390 6005399 0:3:13
40000 500 150 390 6025461 0:2:838
40000 1000 150 390 6045523 0:2:786
40000 5000 150 390 6065615 0:2:997
40000 10000 150 390 6085707 0:2:979
40000 20000 150 390 6105799 0:2:973
40000 30000 150 390 6125891 0:2:977
40000 40000 150 390 6145983 0:2:995
40000 50000 150 390 6166075 0:3:16
50000 500 150 390 6186137 0:2:935
50000 1000 150 390 6206199 0:2:891
50000 5000 150 390 6226291 0:3:102
50000 10000 150 390 6246383 0:3:26
50000 20000 150 390 6266475 0:2:967
50000 30000 150 390 6286567 0:3:16
50000 40000 150 390 6306659 0:2:962
50000 50000 150 390 6326751 0:2:990
500 500 300 130 6346642 0:1:601
500 1000 300 130 6366533 0:1:648
500 5000 300 130 6386491 0:1:710
500 10000 300 130 6406449 0:1:647
500 20000 300 130 6426407 0:1:682
500 30000 300 130 6446365 0:1:690
500 40000 300 130 6466323 0:1:658
500 50000 300 130 6486281 0:1:662
1000 500 300 130 6506007 0:1:837
1000 1000 300 130 6525733 0:1:849
1000 5000 300 130 6545526 0:1:896
1000 10000 300 130 6565319 0:1:904
1000 20000 300 130 6585112 0:1:884
1000 30000 300 130 6604905 0:1:863
1000 40000 300 130 6624698 0:1:860
1000 50000 300 130 6644491 0:1:892
5000 500 300 130 6664013 0:2:309
5000 1000 300 130 6683535 0:2:242
5000 5000 300 130 6703123 0:2:366
5000 10000 300 130 6722711 0:2:285
5000 20000 300 130 6742299 0:2:307
5000 30000 300 130 6761887 0:2:311
5000 40000 300 130 6781475 0:2:301
5000 50000 300 130 6801063 0:2:340
10000 500 300 130 6820585 0:2:252
10000 1000 300 130 6840107 0:2:266
10000 5000 300 130 6859695 0:2:339
10000 10000 300 130 6879283 0:2:301
10000 20000 300 130 6898871 0:2:311
10000 30000 300 130 6918459 0:2:289
10000 40000 300 130 6938047 0:2:299
10000 50000 300 130 6957635 0:2:299
20000 500 300 130 6977157 0:2:288
20000 1000 300 130 6996679 0:2:248
20000 5000 300 130 7016267 0:2:280
20000 10000 300 130 7035855 0:2:287
20000 20000 300 130 7055443 0:2:344
20000 30000 300 130 7075031 0:2:326
20000 40000 300 130 7094619 0:2:307
20000 50000 300 130 7114207 0:2:286
30000 500 300 130 7133729 0:2:289
30000 1000 300 130 7153251 0:2:262
30000 5000 300 130 7172839 0:2:336
30000 10000 300 130 7192427 0:2:293
30000 20000 300 130 7212015 0:2:287
30000 30000 300 130 7231603 0:2:311
30000 40000 300 130 7251191 0:2:288
30000 50000 300 130 7270779 0:2:321
40000 500 300 130 7290301 0:2:275
40000 1000 300 130 7309823 0:2:272
40000 5000 300 130 7329411 0:2:379
40000 10000 300 130 7348999 0:2:328
40000 20000 300 130 7368587 0:2:293
40000 30000 300 130 7388175 0:2:305
40000 40000 300 130 7407763 0:2:277
40000 50000 300 130 7427351 0:2:325
50000 500 300 130 7446873 0:2:244
50000 1000 300 130 7466395 0:2:263
50000 5000 300 130 7485983 0:2:317
50000 10000 300 130 7505571 0:2:330
50000 20000 300 130 7525159 0:2:304
50000 30000 300 130 7544747 0:2:284
50000 40000 300 130 7564335 0:2:287
50000 50000 300 130 7583923 0:2:288
500 500 300 260 7603808 0:2:296
500 1000 300 260 7623693 0:2:273
500 5000 300 260 7643585 0:2:381
500 10000 300 260 7663477 0:2:361
500 20000 300 260 7683369 0:2:354
500 30000 300 260 7703261 0:2:417
500 40000 300 260 7723153 0:2:377
500 50000 300 260 7743045 0:2:432
1000 500 300 260 7762765 0:2:500
1000 1000 300 260 7782485 0:2:490
1000 5000 300 260 7802212 0:2:584
1000 10000 300 260 7821939 0:2:588
1000 20000 300 260 7841666 0:2:565
1000 30000 300 260 7861393 0:2:602
1000 40000 300 260 7881120 0:2:573
1000 50000 300 260 7900847 0:2:609
5000 500 300 260 7920363 0:2:939
5000 1000 300 260 7939879 0:2:975
5000 5000 300 260 7959401 0:3:65
5000 10000 300 260 7978923 0:3:18
5000 20000 300 260 7998445 0:3:16
5000 30000 300 260 8017967 0:3:45
5000 40000 300 260 8037489 0:3:18
5000 50000 300 260 8057011 0:3:21
10000 500 300 260 8076527 0:2:935
10000 1000 300 260 8096043 0:2:931
10000 5000 300 260 8115565 0:2:991
10000 10000 300 260 8135087 0:3:92
10000 20000 300 260 8154609 0:3:19
10000 30000 300 260 8174131 0:3:62
10000 40000 300 260 8193653 0:3:4
10000 50000 300 260 8213175 0:3:46
20000 500 300 260 8232691 0:2:929
20000 1000 300 260 8252207 0:2:959
20000 5000 300 260 8271729 0:3:34
20000 10000 300 260 8291251 0:3:54
20000 20000 300 260 8310773 0:3:35
20000 30000 300 260 8330295 0:3:27
20000 40000 300 260 8349817 0:3:77
20000 50000 300 260 8369339 0:3:78
30000 500 300 260 8388855 0:2:969
30000 1000 300 260 8408371 0:2:946
30000 5000 300 260 8427893 0:3:11
30000 10000 300 260 8447415 0:3:23
30000 20000 300 260 8466937 0:3:30
30000 30000 300 260 8486459 0:3:40
30000 40000 300 260 8505981 0:2:987
30000 50000 300 260 8525503 0:3:46
40000 500 300 260 8545019 0:2:923
40000 1000 300 260 8564535 0:2:934
40000 5000 300 260 8584057 0:3:6
40000 10000 300 260 8603579 0:3:9
40000 20000 300 260 8623101 0:3:44
40000 30000 300 260 8642623 0:2:989
40000 40000 300 260 8662145 0:3:93
40000 50000 300 260 8681667 0:3:3
50000 500 300 260 8701183 0:2:903
50000 1000 300 260 8720699 0:2:971
50000 5000 300 260 8740221 0:3:15
50000 10000 300 260 8759743 0:3:36
50000 20000 300 260 8779265 0:3:2
50000 30000 300 260 8798787 0:3:67
50000 40000 300 260 8818309 0:3:39
50000 50000 300 260 8837831 0:3:2
500 500 300 390 8857668 0:2:802
500 1000 300 390 8877505 0:2:795
500 5000 300 390 8897374 0:2:939
500 10000 300 390 8917243 0:2:975
500 20000 300 390 8937112 0:2:934
500 30000 300 390 8956981 0:2:972
500 40000 300 390 8976850 0:2:942
500 50000 300 390 8996719 0:2:931
1000 500 300 390 9016391 0:3:5
1000 1000 300 390 9036063 0:3:36
1000 5000 300 390 9055767 0:3:156
1000 10000 300 390 9075471 0:3:195
1000 20000 300 390 9095175 0:3:196
1000 30000 300 390 9114879 0:3:150
1000 40000 300 390 9134583 0:3:165
1000 50000 300 390 9154287 0:3:183
5000 500 300 390 9173755 0:3:433
5000 1000 300 390 9193223 0:3:426
5000 5000 300 390 9212722 0:3:639
5000 10000 300 390 9232221 0:3:605
5000 20000 300 390 9251720 0:3:583
5000 30000 300 390 9271219 0:3:608
5000 40000 300 390 9290718 0:3:653
5000 50000 300 390 9310217 0:3:561
10000 500 300 390 9329685 0:3:428
10000 1000 300 390 9349153 0:3:513
10000 5000 300 390 9368652 0:3:612
10000 10000 300 390 9388151 0:3:577
10000 20000 300 390 9407650 0:3:584
10000 30000 300 390 9427149 0:3:614
10000 40000 300 390 9446648 0:3:577
10000 50000 300 390 9466147 0:3:585
20000 500 300 390 9485615 0:3:459
20000 1000 300 390 9505083 0:3:481
20000 5000 300 390 9524582 0:3:589
20000 10000 300 390 9544081 0:3:652
20000 20000 300 390 9563580 0:3:667
20000 30000 300 390 9583079 0:3:585
20000 40000 300 390 9602578 0:3:605
20000 50000 300 390 9622077 0:3:608
30000 500 300 390 9641545 0:3:428
30000 1000 300 390 9661013 0:3:472
30000 5000 300 390 9680512 0:3:623
30000 10000 300 390 9700011 0:3:621
30000 20000 300 390 9719510 0:3:653
30000 30000 300 390 9739009 0:3:562
30000 40000 300 390 9758508 0:3:601
30000 50000 300 390 9778007 0:3:600
40000 500 300 390 9797475 0:3:449
40000 1000 300 390 9816943 0:3:441
40000 5000 300 390 9836442 0:3:624
40000 10000 300 390 9855941 0:3:615
40000 20000 300 390 9875440 0:3:569
40000 30000 300 390 9894939 0:3:616
40000 40000 300 390 9914438 0:3:569
40000 50000 300 390 9933937 0:3:605
50000 500 300 390 9953405 0:3:450
50000 1000 300 390 9972873 0:3:433
50000 5000 300 390 9992372 0:3:608
50000 10000 300 390 10011871 0:3:645
50000 20000 300 390 10031370 0:3:587
50000 30000 300 390 10050869 0:3:655
50000 40000 300 390 10070368 0:3:564
50000 50000 300 390 10089867 0:3:559
500 500 450 130 10109738 0:1:634
500 1000 450 130 10129609 0:1:643
500 5000 450 130 10149548 0:1:684
500 10000 450 130 10169487 0:1:706
500 20000 450 130 10189426 0:1:680
500 30000 450 130 10209365 0:1:687
500 40000 450 130 10229304 0:1:684
500 50000 450 130 10249243 0:1:677
1000 500 450 130 10268858 0:2:18
1000 1000 450 130 10288473 0:1:999
1000 5000 450 130 10308156 0:2:56
1000 10000 450 130 10327839 0:2:50
1000 20000 450 130 10347522 0:2:27
1000 30000 450 130 10367205 0:2:79
1000 40000 450 130 10386888 0:2:27
1000 50000 450 130 10406571 0:2:58
5000 500 450 130 10425881 0:2:726
5000 1000 450 130 10445191 0:2:713
5000 5000 450 130 10464570 0:2:795
5000 10000 450 130 10483949 0:2:755
5000 20000 450 130 10503328 0:2:753
5000 30000 450 130 10522707 0:2:747
5000 40000 450 130 10542086 0:2:820
5000 50000 450 130 10561465 0:2:756
10000 500 450 130 10580775 0:2:693
10000 1000 450 130 10600085 0:2:747
10000 5000 450 130 10619464 0:2:778
10000 10000 450 130 10638843 0:2:773
10000 20000 450 130 10658222 0:2:814
10000 30000 450 130 10677601 0:2:767
10000 40000 450 130 10696980 0:2:814
10000 50000 450 130 10716359 0:2:756
20000 500 450 130 10735669 0:2:712
20000 1000 450 130 10754979 0:2:756
20000 5000 450 130 10774358 0:2:794
20000 10000 450 130 10793737 0:2:745
20000 20000 450 130 10813116 0:2:826
20000 30000 450 130 10832495 0:2:779
20000 40000 450 130 10851874 0:2:782
20000 50000 450 130 10871253 0:2:753
30000 500 450 130 10890563 0:2:765
30000 1000 450 130 10909873 0:2:729
30000 5000 450 130 10929252 0:2:752
30000 10000 450 130 10948631 0:2:771
30000 20000 450 130 10968010 0:2:801
30000 30000 450 130 10987389 0:2:825
30000 40000 450 130 11006768 0:2:766
30000 50000 450 130 11026147 0:2:783
40000 500 450 130 11045457 0:2:730
40000 1000 450 130 11064767 0:2:731
40000 5000 450 130 11084146 0:2:756
40000 10000 450 130 11103525 0:2:804
40000 20000 450 130 11122904 0:2:740
40000 30000 450 130 11142283 0:2:756
40000 40000 450 130 11161662 0:2:772
40000 50000 450 130 11181041 0:2:778
50000 500 450 130 11200351 0:2:728
50000 1000 450 130 11219661 0:2:711
50000 5000 450 130 11239040 0:2:783
50000 10000 450 130 11258419 0:2:755
50000 20000 450 130 11277798 0:2:784
50000 30000 450 130 11297177 0:2:791
50000 40000 450 130 11316556 0:2:762
50000 50000 450 130 11335935 0:2:762
500 500 450 260 11355800 0:2:315
500 1000 450 260 11375665 0:2:319
500 5000 450 260 11395538 0:2:460
500 10000 450 260 11415411 0:2:406
500 20000 450 260 11435284 0:2:435
500 30000 450 260 11455157 0:2:432
500 40000 450 260 11475030 0:2:414
500 50000 450 260 11494903 0:2:386
1000 500 450 260 11514512 0:2:678
1000 1000 450 260 11534121 0:2:689
1000 5000 450 260 11553738 0:2:767
1000 10000 450 260 11573355 0:2:823
1000 20000 450 260 11592972 0:2:799
1000 30000 450 260 11612589 0:2:763
1000 40000 450 260 11632206 0:2:835
1000 50000 450 260 11651823 0:2:802
5000 500 450 260 11671127 0:3:429
5000 1000 450 260 11690431 0:3:457
5000 5000 450 260 11709744 0:3:497
5000 10000 450 260 11729057 0:3:471
5000 20000 450 260 11748370 0:3:512
5000 30000 450 260 11767683 0:3:518
5000 40000 450 260 11786996 0:3:496
5000 50000 450 260 11806309 0:3:479
10000 500 450 260 11825613 0:3:394
10000 1000 450 260 11844917 0:3:445
10000 5000 450 260 11864230 0:3:486
10000 10000 450 260 11883543 0:3:533
10000 20000 450 260 11902856 0:3:480
10000 30000 450 260 11922169 0:3:461
10000 40000 450 260 11941482 0:3:501
10000 50000 450 260 11960795 0:3:490
20000 500 450 260 11980099 0:3:407
20000 1000 450 260 11999403 0:3:391
20000 5000 450 260 12018716 0:3:472
20000 10000 450 260 12038029 0:3:477
20000 20000 450 260 12057342 0:3:558
20000 30000 450 260 12076655 0:3:509
20000 40000 450 260 12095968 0:3:460
20000 50000 450 260 12115281 0:3:567
30000 500 450 260 12134585 0:3:409
30000 1000 450 260 12153889 0:3:397
30000 5000 450 260 12173202 0:3:508
30000 10000 450 260 12192515 0:3:484
30000 20000 450 260 12211828 0:3:524
30000 30000 450 260 12231141 0:3:558
30000 40000 450 260 12250454 0:3:474
30000 50000 450 260 12269767 0:3:480
40000 500 450 260 12289071 0:3:439
40000 1000 450 260 12308375 0:3:430
40000 5000 450 260 12327688 0:3:525
40000 10000 450 260 12347001 0:3:543
40000 20000 450 260 12366314 0:3:547
40000 30000 450 260 12385627 0:3:498
40000 40000 450 260 12404940 0:3:510
40000 50000 450 260 12424253 0:3:472
50000 500 450 260 12443557 0:3:395
50000 1000 450 260 12462861 0:3:390
50000 5000 450 260 12482174 0:3:485
50000 10000 450 260 12501487 0:3:524
50000 20000 450 260 12520800 0:3:500
50000 30000 450 260 12540113 0:3:544
50000 40000 450 260 12559426 0:3:527
50000 50000 450 260 12578739 0:3:488
500 500 450 390 12598556 0:2:851
500 1000 450 390 12618373 0:2:859
500 5000 450 390 12638223 0:2:973
500 10000 450 390 12658073 0:2:994
500 20000 450 390 12677923 0:2:966
500 30000 450 390 12697773 0:2:975
500 40000 450 390 12717623 0:2:973
500 50000 450 390 12737473 0:2:940
1000 500 450 390 12757034 0:3:200
1000 1000 450 390 12776595 0:3:177
1000 5000 450 390 12796189 0:3:357
1000 10000 450 390 12815783 0:3:336
1000 20000 450 390 12835377 0:3:328
1000 30000 450 390 12854971 0:3:399
1000 40000 450 390 12874565 0:3:406
1000 50000 450 390 12894159 0:3:324
5000 500 450 390 12913415 0:3:946
5000 1000 450 390 12932671 0:3:950
5000 5000 450 390 12951961 0:4:50
5000 10000 450 390 12971251 0:4:70
5000 20000 450 390 12990541 0:4:149
5000 30000 450 390 13009831 0:4:90
5000 40000 450 390 13029121 0:4:93
5000 50000 450 390 13048411 0:4:81
10000 500 450 390 13067667 0:3:941
10000 1000 450 390 13086923 0:3:929
10000 5000 450 390 13106213 0:4:78
10000 10000 450 390 13125503 0:4:65
10000 20000 450 390 13144793 0:4:80
10000 30000 450 390 13164083 0:4:93
10000 40000 450 390 13183373 0:4:140
10000 50000 450 390 13202663 0:4:96
20000 500 450 390 13221919 0:3:927
20000 1000 450 390 13241175 0:3:933
20000 5000 450 390 13260465 0:4:88
20000 10000 450 390 13279755 0:4:136
20000 20000 450 390 13299045 0:4:65
20000 30000 450 390 13318335 0:4:71
20000 40000 450 390 13337625 0:4:59
20000 50000 450 390 13356915 0:4:36
30000 500 450 390 13376171 0:3:970
30000 1000 450 390 13395427 0:3:899
30000 5000 450 390 13414717 0:4:71
30000 10000 450 390 13434007 0:4:116
30000 20000 450 390 13453297 0:4:76
30000 30000 450 390 13472587 0:4:62
30000 40000 450 390 13491877 0:4:60
30000 50000 450 390 13511167 0:4:49
40000 500 450 390 13530423 0:3:920
40000 1000 450 390 13549679 0:3:990
40000 5000 450 390 13568969 0:4:133
40000 10000 450 390 13588259 0:4:128
40000 20000 450 390 13607549 0:4:112
40000 30000 450 390 13626839 0:4:64
40000 40000 450 390 13646129 0:4:29
40000 50000 450 390 13665419 0:4:94
50000 500 450 390 13684675 0:3:941
50000 1000 450 390 13703931 0:3:974
50000 5000 450 390 13723221 0:4:61
50000 10000 450 390 13742511 0:4:47
50000 20000 450 390 13761801 0:4:90
50000 30000 450 390 13781091 0:4:69
50000 40000 450 390 13800381 0:4:56
50000 50000 450 390 13819671 0:4:42
