500 0 138 0 8736 0:3:724
1000 0 138 0 9066 0:3:646
5000 0 138 0 9411 0:3:834
10000 0 138 0 9756 0:3:746
20000 0 138 0 10101 0:3:739
30000 0 138 0 10446 0:3:736
40000 0 138 0 10791 0:3:713
50000 0 138 0 11136 0:3:741
500 0 276 0 11700 0:6:840
1000 0 276 0 12303 0:7:5
5000 0 276 0 12942 0:7:452
10000 0 276 0 13587 0:7:718
20000 0 276 0 14232 0:7:760
30000 0 276 0 14877 0:7:794
40000 0 276 0 15522 0:7:543
50000 0 276 0 16167 0:7:593
500 0 414 0 16929 0:9:466
1000 0 414 0 17763 0:9:808
5000 0 414 0 18699 0:10:866
10000 0 414 0 19647 0:11:33
20000 0 414 0 20595 0:11:115
30000 0 414 0 21543 0:11:96
40000 0 414 0 22491 0:11:176
50000 0 414 0 23439 0:11:25
