0 500 0 138 223638672 0:28:410
0 1000 0 138 223828277 0:27:719
0 5000 0 138 224017882 0:27:592
0 10000 0 138 224207487 0:27:835
0 20000 0 138 224397472 0:27:782
0 30000 0 138 224587457 0:27:647
0 40000 0 138 224777442 0:28:658
0 50000 0 138 224967427 0:27:628
0 500 0 276 225167515 0:55:833
0 1000 0 276 225367603 0:54:859
0 5000 0 276 225567691 0:54:895
0 10000 0 276 225767779 0:55:481
0 20000 0 276 225968107 0:53:980
0 30000 0 276 226168435 0:54:32
0 40000 0 276 226368763 0:53:767
0 50000 0 276 226569091 0:53:915
0 500 0 414 226775042 1:19:908
0 1000 0 414 226980993 1:19:986
0 5000 0 414 227186944 1:20:343
0 10000 0 414 227392895 1:17:601
0 20000 0 414 227599288 1:18:404
0 30000 0 414 227805681 1:18:668
0 40000 0 414 228012074 1:19:962
0 50000 0 414 228218467 1:18:382
