43048000
36
2647
2599
4642
9542
1571
4330
6823
3499
7469
6733
3497
7336
659
2777
643
2015
2250
1043
1780
3032
7486
1728
3343
4218
4147
3791
5206
1123
9132
9188
6750
303
3599
4189
266
3585
3789
5778
3943
5868
7760
3575
8569
6462
6533
4735
47
686
9166
1364
4605
3289
5473
1263
6265
6751
7804
1246
4294
6786
1318
1507
52
3706
2422
8776
2870
8953
9919
8054
2783
7688
1319
9245
1843
31
3729
2192
3833
1763
1612
460
8355
5486
2030
5984
8526
8258
1058
6935
3449
8194
7612
4965
5422
773
2233
874
3662
5118
1323
8
2482
4956
1211
1572
4081
1913
4593
5724
7616
6230
7592
8399
223
4603
257
4408
3176
377
6403
3707
16
5948
7596
9565
5041
2697
4876
1664
5937
8894
8720
2955
4580
737
838
3365
6769
67
9898
276
807
6368
1689
2605
4997
2112
5265
7726
4355
7654
6524
7047
5659
7766
1219
2014
1517
1472
422
6914
6472
3329
9494
4592
9180
9957
4858
7962
247
9256
90
5873
4146
2698
9878
776
5715
6394
7293
93
4838
397
3749
1481
311
5209
202
362
1772
5742
5765
1498
1909
5723
225
1168
1681
594
2586
3134
8638
6997
5617
1656
14
6774
8712
5339
6291
7564
3777
1195
972
4246
7367
6430
432
1809
9843
8964
267
4916
1448
1196
8947
2470
1736
2725
9707
7872
6402
5483
84
3900
8444
4087
8293
7028
2323
3976
9328
1985
2217
7582
4456
2185
2122
940
9003
9304
1005
8957
7303
3947
3708
1373
7674
9072
3004
8671
591
3494
429
3994
9200
1179
6219
6122
3190
5553
160
2758
1157
9053
2005
4410
1170
1375
4833
1342
3556
6945
915
733
829
7354
5379
2509
6438
9217
3538
5641
5326
9293
6419
7175
9133
1116
4007
5595
1330
7947
6685
2221
270
4193
1790
7409
8241
9875
9331
1334
4240
4402
2663
586
3906
9601
8875
4712
606
3163
1149
6683
6998
2072
8184
871
7254
1110
8288
1445
2903
715
7524
6610
4188
1706
4485
1199
8132
6888
6207
8774
2628
1593
8838
2357
7103
3446
6215
5
4835
4981
7159
252
1111
2676
30
4724
9216
4235
7086
9775
3684
2892
1801
1440
6172
2264
3475
4026
3933
5243
1573
7544
8579
5638
3241
4214
2121
3909
3641
5227
3882
2326
5083
2476
2173
6083
4667
5266
1789
3509
6889
4058
4620
3130
5721
1536
5169
8577
9209
1511
865
4853
470
3871
416
6318
6930
1886
3615
1996
3019
1436
1960
5315
3514
8424
6508
521
4584
8960
9449
3352
9213
2627
6018
5602
7970
647
450
2094
9819
657
4902
1565
7850
3177
5879
4686
7630
8608
2002
2977
7510
1718
8531
4917
5255
6869
3726
7052
2965
4247
1832
752
6689
5421
139
6584
22
1870
514
4889
805
2150
5117
8013
872
8970
9946
918
6669
5195
5459
3986
1742
2629
3670
1944
7927
6261
24
1298
3203
2047
2445
5110
1762
1480
8787
9521
3280
5874
2389
430
4126
2938
2644
6356
8524
4132
4445
975
7196
2936
5671
186
97
8146
5064
2564
4744
8320
9282
6799
682
7747
8785
4967
5650
2084
6208
1712
3835
2472
6951
4224
2708
8858
524
1796
2142
9982
4821
3230
5698
9080
739
4815
7413
7115
886
6800
3347
8158
5680
4922
8198
6433
8163
6254
2180
1274
1896
7816
9062
2986
3037
8185
5759
9085
2155
8340
2774
7712
7337
9577
2792
5016
2067
8012
9294
207
7137
2485
6924
5142
1811
6360
3339
4328
9751
2149
2025
6322
7411
6304
5819
3058
8023
812
497
6202
589
5122
9349
5840
6506
667
7442
6686
433
672
1238
2843
6339
5833
5163
7539
7926
3655
9963
4279
1418
1765
8171
349
8812
2330
5014
9793
790
2392
2176
1724
6129
7568
678
4208
5808
5573
9308
6063
4017
2374
127
5321
2404
1491
5072
7389
5382
2398
5925
827
1649
2023
6731
41
3812
9001
224
5009
82
5391
6211
5760
7764
7004
1923
5668
6244
9405
520
226
3849
4560
7416
6031
574
7881
4614
5189
3415
1680
9143
1386
867
8682
864
2797
1270
461
9830
8232
2684
6845
3513
2678
4251
9657
6993
44
8137
8385
9325
6747
5455
204
3150
5645
8648
561
6681
1014
4008
5858
5384
1421
825
7309
5033
5470
7312
6331
1867
2632
4462
3478
7135
8380
135
8745
6410
1654
7634
3029
9268
1096
541
9813
8962
1387
1462
894
7170
2191
1006
8923
1834
8095
2193
4585
6597
1922
8572
681
4099
7428
5030
1770
3324
3504
6060
369
5450
2035
4633
4598
4421
7838
7833
3135
9228
5127
9739
4371
5788
7679
3354
3921
4497
2381
946
3211
8753
8282
61
613
6092
9636
5806
7871
4179
5506
1560
9142
8715
6972
6963
4480
5323
9258
6183
5008
8961
2243
1356
9158
1390
3865
502
3035
1800
5469
7372
9880
2685
6688
8768
8553
7049
5028
9915
3747
122
955
3892
8465
5015
571
4293
2045
1486
8918
176
3578
7693
3061
6068
5390
3637
2252
9419
6125
7621
4933
8806
1994
5234
3698
4253
4698
3692
4119
1514
1581
2031
5201
1686
2665
2337
9260
389
9162
3772
1048
7659
9690
5747
7270
6206
3722
4344
8214
932
7729
1779
9608
5155
1303
275
7330
4015
9897
4052
94
5703
8271
1228
6386
5491
9727
9678
2289
10
2109
9014
8874
4998
1132
3681
6112
1951
4909
7555
7121
6465
50
6670
8070
3332
1617
3510
4320
9297
1928
2048
9183
4752
3984
1497
1169
7357
9238
9303
9654
4616
6870
3565
7767
3766
9679
119
3930
8460
6601
8341
2904
1918
291
1187
7427
2863
6106
1806
7805
3105
9265
5802
5002
7969
1595
6490
6232
6139
1773
3271
9778
6948
5247
9989
9227
8347
8193
2926
809
6314
9954
6671
4152
7789
8628
4597
8673
5277
7202
2910
6222
2379
2964
7590
6527
8284
1134
7753
7648
8897
2584
7602
7902
5113
8752
8900
384
3636
8659
7231
7045
4842
2143
3435
6832
6256
1338
9100
4937
7837
85
8564
1580
5739
6203
3730
8049
2320
4745
6289
9096
3688
6974
9135
8879
4621
2982
9616
5581
9311
5903
6199
8326
9852
2983
5416
2424
1260
241
1690
1978
4388
2842
3422
2877
2279
4340
6381
3366
727
3057
7865
8290
8634
4826
7591
5758
2998
246
9170
9338
2183
1851
791
9736
1999
2051
1647
4216
8876
9939
5786
9496
9850
4696
1420
8906
2884
9818
5669
417
213
3733
1119
8783
909
9355
1350
562
39
5646
2489
4644
1566
2281
4944
764
2291
66
6311
9945
7997
1873
9214
5288
3549
9872
2222
4258
1842
2152
9511
5793
1138
8191
2198
2080
9958
6642
8660
3286
5885
3682
8242
4381
8729
2590
506
5173
4538
6132
7011
6971
9991
4963
7284
4429
279
4069
5749
6596
7007
131
5062
1882
9855
8661
6110
8311
6401
6377
5822
6953
1713
978
2272
7525
4154
5270
3820
4786
9936
7638
9537
4467
3064
4610
2544
5514
9025
3992
1629
844
3188
2942
1707
7601
1898
6758
3768
3370
6625
7775
2486
3038
4707
5798
8999
1353
953
4075
1191
5791
5950
4428
6791
1367
3546
5332
8205
1177
5829
7113
9910
2837
8225
5898
4727
9614
3184
3496
1893
2539
5823
2554
8337
3027
5137
1130
4801
6556
3223
8675
6456
8580
8990
4286
3023
6176
464
7482
9156
6709
4732
9198
7664
9907
5837
5129
2662
7400
9077
6235
8371
2055
6994
7830
2314
3079
4442
1033
5912
9465
1983
8313
6520
2886
2417
1516
7613
4554
6380
8257
3465
55
2648
5316
4104
9446
3205
9816
6093
5938
5182
774
8427
6547
6510
4223
1715
6557
8151
5689
5682
3560
2358
8717
5035
1182
8128
2626
40
7966
8368
779
4030
2261
4977
3828
6167
2494
2238
9088
6692
4424
5261
4807
4121
8343
5787
730
4790
2806
5835
453
7761
8550
3476
7082
2949
855
8921
3787
5889
5440
2706
772
5871
8738
6820
1849
1539
1753
5435
445
5307
330
4103
8314
4148
4067
5845
3899
5128
6704
5479
2736
5951
8453
1189
2695
8523
4184
5344
3574
3297
4037
8473
4054
1824
9115
3331
358
9837
5022
842
9814
1776
9868
1705
5849
4016
5132
6297
6753
2856
4231
919
9278
327
6399
8117
8038
1945
7124
3143
2552
8600
9966
814
9370
2673
3158
1201
9658
2642
639
8133
449
5866
7509
4830
1365
8398
1733
1047
5690
9116
8081
356
6521
7949
6482
8244
6874
1716
1671
2562
2990
6698
4704
3301
8316
6217
1224
3967
4288
4595
8533
9078
23
2655
8704
2880
3596
1337
6648
4166
3451
4753
4086
5619
1475
9928
8749
6174
1293
7503
8547
2370
8077
7846
3813
5783
5109
5457
7513
3611
6712
6885
4439
8619
9618
1078
7396
3227
5047
7780
5101
3305
9990
4040
9770
4134
2239
5313
7099
2202
4359
6094
8438
121
3080
5727
5580
2610
3031
7075
1749
3794
652
6582
4549
8764
4141
8420
4036
4663
2686
3147
3781
4168
5233
1368
8958
6851
2838
8317
8716
4432
4588
7370
7289
6066
5702
4793
2248
3659
3473
689
7213
2395
281
7024
9700
987
3954
1872
2419
3563
5298
5748
7673
6343
9802
4312
5411
7996
3412
3567
7824
995
694
1027
2066
1128
179
3898
1205
7158
3824
951
1537
7993
7392
4832
9074
51
6847
4426
4434
1925
8747
4570
4750
8904
7128
6690
9799
615
2393
1732
3757
2840
3399
4624
9655
4969
2871
744
74
8744
8113
5992
8588
8627
3183
7109
4700
7507
6765
3445
1176
6427
583
6090
1657
2606
6710
8992
8679
9606
5769
8830
7295
4877
3279
5120
6566
4309
823
8878
9323
4376
2968
7973
4352
5059
1236
4423
9749
7262
9403
7533
9940
9760
5911
8223
8571
9194
3724
6473
1532
1540
1175
8973
5618
1852
3969
7184
7269
6623
3893
5809
6496
3001
2533
1093
3598
2441
5603
2074
2616
5720
1695
6350
3295
137
1557
2006
4717
9527
8713
1348
7718
2425
9124
701
2161
2335
6673
8156
4791
1082
8586
9167
3779
8018
9885
4131
7603
1672
3742
2481
6019
7567
3595
2744
6078
1464
6257
703
2692
2114
9725
5121
824
3863
8578
9007
7929
9956
7055
2914
3266
5880
4090
4583
3128
670
59
2299
2671
6362
7575
4073
8899
1530
4602
6804
8207
5707
9704
9761
6573
4990
5700
4076
418
5752
7558
8740
1053
4281
3783
1735
9129
3454
7798
7828
7698
8080
9774
1264
9723
4748
1677
1986
5426
379
1015
7070
6098
3066
4655
5522
7574
6233
8228
4756
6636
7079
1858
5844
3558
6470
3769
2406
5812
7093
5310
9831
9097
3583
8669
3737
4317
9095
2116
6608
9524
4117
8253
9719
2154
4515
729
8227
4113
8705
1791
7185
8652
5386
8798
5709
286
4196
9873
8483
2811
8866
1618
2499
8187
1935
2284
3192
8226
3245
7380
2506
5075
4068
8643
9169
5400
9564
8210
846
8248
6351
1711
9410
315
7037
1125
1320
494
7387
8574
3109
4771
8042
309
3526
1884
3404
8684
3146
2709
8354
8221
8041
7156
4041
2107
6128
9652
3545
7023
344
3228
7229
5774
4895
2913
3645
7877
3714
4798
1860
547
6663
5224
227
9079
8718
3980
6654
818
4435
8845
2578
2057
148
8349
616
6227
6872
4632
8105
7299
104
5220
2298
2822
8777
4201
7663
4383
9901
1993
2325
7885
5931
4927
2850
3198
6639
2271
3383
8663
677
3759
3155
7091
6827
452
4599
35
3500
3264
6141
7614
4494
8955
2105
4149
1251
5964
9427
8037
2207
9847
2465
9899
5437
1451
8685
2204
338
4883
8936
9629
7179
2789
633
4905
1285
6775
5112
7138
4789
7834
7895
6126
4333
6043
400
8413
4723
1934
8703
2900
4390
7304
4032
4661
8274
2643
8599
5988
3608
3520
5711
5826
7656
5200
7364
3181
5607
4105
6228
8658
3687
5862
8771
1505
6155
1242
7390
7783
7064
2219
42
8613
6388
2813
671
5135
1269
1584
5510
6335
6920
9120
1496
2989
8750
2004
6915
7207
193
656
1838
916
511
4183
1831
6149
8991
2011
7832
8007
4628
9348
5503
5355
154
4337
3551
9955
6146
617
834
896
7700
5694
908
7941
5347
2435
4558
7627
9502
507
249
7717
5215
3345
3811
5280
8414
880
6575
3728
4177
4232
6306
6480
8821
1907
2492
5213
9571
5660
2213
9853
7864
4268
174
6721
8212
2923
6815
6161
5478
7801
5429
1276
1317
3144
8938
9758
8940
8587
9509
2081
1336
6044
4510
6848
3666
6118
4199
7916
6560
9741
4276
4634
5463
5596
6579
6130
9500
2631
8442
6931
6919
3834
3300
5693
7098
8493
7788
7921
3302
7950
6655
1599
5472
8869
8318
5717
8321
7537
3375
5141
8983
8199
7982
4334
9798
380
5505
8563
7722
9386
5716
2169
3543
9029
5134
7650
4128
8273
9374
6696
5946
5374
5403
5468
2995
8604
6295
2927
8116
8870
9876
5140
6242
5565
6549
8031
2471
229
9102
1197
354
4706
7552
1394
1161
4607
1268
8881
4038
9475
5399
601
4954
8814
8882
8543
9718
554
1405
4228
8804
8872
1816
2442
3392
6538
3438
4854
6567
4437
1821
4823
5746
3786
1381
5781
2139
7776
6272
3625
312
2456
3931
7851
6025
2680
6525
4521
1616
5325
2726
4809
1538
9825
8688
1608
4794
9164
4925
6620
2882
9911
9726
7039
8131
4548
7020
3703
108
2532
9413
5436
7276
1471
831
7847
3169
9279
9615
8479
6271
7471
6178
4893
2956
8557
7394
6346
8742
7251
2941
2332
3303
4578
8767
5439
49
5345
887
8459
3842
3648
2376
2691
8811
3923
4180
9635
7983
5521
1126
29
8610
8005
8389
6990
7080
4197
7451
7487
1129
5295
1745
9930
6959
1548
1766
6544
9803
7637
6898
8971
596
9233
9040
6189
4931
6901
4389
7311
7660
2380
2701
4377
3750
9877
8650
455
8677
431
5568
140
6518
1447
6120
6562
6330
6932
6056
8698
5731
8946
4519
8836
1940
2778
5687
3275
2825
2733
5789
9923
7959
9746
5529
5377
6532
6618
4546
3715
4929
7240
4987
4511
7750
1360
9552
1667
2148
1760
632
4795
4204
957
3653
9949
9777
3255
7827
9817
3429
125
963
8422
9539
4915
2437
3232
782
5387
7800
4581
6906
9431
1952
8428
5998
2541
8466
5360
9839
2062
6592
3696
1025
5451
6514
2734
8153
6546
9006
493
3149
3711
1995
9211
4338
3610
7195
2318
5042
8722
4019
3956
4991
6933
4070
6077
6317
3379
3614
4846
3841
9318
9367
6711
2602
4836
4386
4407
6632
5051
4221
6734
4713
4227
8231
8096
5976
3486
4014
8083
3014
3725
2124
8364
4093
3154
3700
1215
5334
9693
4369
9334
3346
9295
6850
9131
9199
8447
4159
622
3770
4640
6366
8086
8108
6693
1788
1254
5467
9771
3897
4970
1906
7755
9920
2181
7105
7735
3328
4504
7676
3561
4316
1926
6856
4923
6072
2196
5841
6169
6391
197
4882
8009
3697
9579
451
4775
8050
6519
6580
6175
6144
9973
206
5090
3744
3257
3113
8361
6550
2953
9666
4850
4966
4451
2700
2972
1746
8540
3946
8059
9107
4630
9232
4819
345
6367
3
6819
7944
9379
6705
9012
3656
6859
1553
9302
4506
4300
228
4096
5098
6892
9210
9456
861
1347
1250
3216
5281
4187
9291
5813
9512
8692
7786
4305
3903
2118
1543
8124
3782
6264
1979
2821
4866
404
7866
8554
8112
107
2354
926
1503
8155
8091
6267
32
4788
2205
2954
4211
8021
6647
7913
2059
5191
4841
6312
4673
5248
6860
3284
1930
4220
6782
7769
5876
5159
9298
3397
4762
1331
815
2883
6619
2017
153
9811
9283
6395
251
6877
6484
7581
3778
7340
4107
7258
8941
475
2078
1793
9981
1933
3712
7458
2400
4472
2235
6701
3910
9698
8847
6867
2225
4181
2890
310
9854
857
3806
8589
3410
8615
2206
7021
9561
7461
5029
8984
1709
1068
8381
5924
7141
9289
9400
3363
9010
72
243
9516
7498
8073
5414
8766
6614
3704
86
2464
2172
7084
473
7867
3373
8486
8237
5252
383
4871
4553
8411
8403
9742
4626
1383
2259
6389
4529
6706
4908
2525
3108
9175
6080
2762
6352
7046
8623
7686
4064
2559
956
4551
2388
7275
9528
8260
6246
2135
8998
1633
709
8061
3218
6447
8602
2804
3178
4814
1622
7033
145
3039
7239
3450
2728
3348
5448
2549
1306
8482
1726
8307
4627
3983
2451
7807
7155
5679
3330
3204
5362
8162
4770
9768
3026
1815
325
7880
881
3652
5722
1423
259
985
2215
6607
6814
945
7782
5164
3254
9359
942
1408
7706
8266
789
5394
4522
4011
1606
6320
2153
446
5336
1569
925
1588
2170
5882
9092
642
4252
6059
6113
8474
6384
7343
3111
1980
2432
7687
1310
8186
1488
5855
1953
7649
8508
4415
4979
2669
1395
6198
7
9934
3021
2660
2504
7464
4612
8183
9925
4122
9191
9457
2334
5124
2276
986
7485
288
6865
1136
6397
6830
5430
2893
3982
8136
4792
7054
5608
7553
5729
1525
8204
4693
2894
8695
9203
4675
4904
7356
5865
8434
3055
8732
7862
4372
260
7762
5930
4869
8491
6284
5443
6336
8336
4999
8423
3628
3006
9305
9404
1026
6839
9286
5256
8817
9668
1970
3949
6075
8920
8965
4171
466
118
157
8272
8856
702
3414
1522
5634
4350
2603
3296
8542
5482
6234
8593
653
7618
5526
8751
9703
5869
3776
8790
6728
9662
2210
2919
515
9592
9161
7989
1968
8130
8735
5190
8793
4787
3157
8989
6656
6145
1223
6212
343
920
3012
7730
1875
6658
7480
6890
6376
9762
8147
2829
3215
8512
5631
7272
9127
4263
2961
9101
7639
7768
7820
6188
1090
8757
2317
5913
8865
5525
568
8922
9139
8292
181
6910
421
180
8104
4501
3070
6918
658
298
2138
3260
8708
447
5572
7050
2568
7369
9687
2162
6476
8485
4486
9653
5114
5987
2244
1531
1693
7017
8651
4092
5454
5381
4283
6984
2550
5818
2814
2980
811
5087
7334
666
9858
5398
9796
9041
1216
9201
3277
4571
2716
2674
3287
8236
5488
9401
911
7719
3926
8772
3831
9801
1016
9675
2721
5767
314
5892
6569
5545
5343
4665
6302
2787
5276
7884
826
8963
272
5050
3350
5926
5864
2513
5271
7314
6263
3609
8697
2430
7210
7541
6461
8518
7908
4928
2649
8506
3932
9381
4345
8863
4144
4535
6838
6173
3441
4827
8500
216
474
194
5916
4459
9983
5846
7741
8111
3913
4409
6029
3385
5899
3613
1439
8609
5582
2731
4055
6961
3719
8775
8560
716
3743
4153
4739
6030
3508
711
2611
5614
4968
1221
2571
9418
9893
6109
6778
3761
8662
8256
9241
3555
5546
200
8202
4828
8843
6781
7587
5538
5237
6543
6840
5170
6055
4311
8693
641
3797
685
9805
2111
7771
3981
5499
7858
5046
4169
7291
830
9944
4864
9886
3702
954
4326
3051
8390
7454
9422
9832
9383
5341
2776
7742
7922
5584
5953
8530
8909
5943
1658
9933
3367
699
5928
8164
4658
4618
7529
8691
9553
7599
4568
2092
5801
7087
6201
7754
9682
8743
901
1363
3141
5211
9483
6316
1371
7358
3072
2341
5623
625
8471
9578
3326
2401
6796
538
5515
4961
731
3299
8118
4127
184
8374
8270
7620
7108
7401
3484
3723
501
5517
9361
6108
9972
8907
8974
9344
8002
4194
7744
9664
4918
6587
7026
9721
7440
1240
6938
5003
7410
5733
7704
8544
9098
3084
4191
1452
3159
710
4115
971
8862
7164
8683
3816
3491
912
2794
6854
9491
4971
9879
7554
5860
7290
8646
7462
3795
5428
4512
9178
1357
8035
7459
3052
6612
7516
2280
3377
9884
3503
5963
9841
7856
2879
2653
2553
5226
9977
8898
2201
9385
5410
8188
3829
7329
1615
7906
8067
1 2970
123 1807
5867 4887
2689 5301
2658 339
1947 3259
1104 6590
8335 209
20 492
2331 1241
499 1210
1754 4239
5489 5816
2349 1208
590 905
294 96
3262 4875
2537 732
372 1080
482 8235
4481 7332
1150 5891
5914 5282
1229 5762
6595 1167
5027 6535
1035 7068
535 8150
1444 5160
438 8801
3642 8831
319 1115
175 9695
4466 3104
3076 9510
478 1039
1956 3162
4947 6631
2973 5136
2436 5481
5616 5655
220 159
3536 8841
1124 6425
5397 5956
1339 5579
1056 540
8278 238
5797 5291
604 8044
1958 3103
1601 6611
2412 1032
992 8665
519 1000
1630 4562
381 8853
799 7701
1946 3281
3644 6253
767 766
177 301
1304 346
620 1029
743 7745
1535 5049
599 8078
6185 4769
143 9808
2581 500
3612 4483
1678 4503
5148 6087
4290 7845
146 7964
1957 3115
1784 3962
651 784
6794 3661
1805 6443
192 290
199 1731
2003 7563
188 9669
3472 4720
769 9433
2253 2184
4364 5757
283 1476
1253 287
6435 4440
6761 3675
569 7572
162 1777
264 116
512 8208
935 608
967 6464
1113 509
3406 3643
91 78
1072 546
1144 6105
37 7998
4631 2992
969 6992
110 9905
2262 2136
1510 5153
2732 81
100 9922
374 8908
1312 6866
476 8246
332 9108
6825 3569
217 1295
5181 2119
1727 76
3935 8431
973 7140
1431 75
878 7236
605 868
785 7738
2134 2517
2699 142
1376 329
607 1066
46 2024
307 1412
1478 5979
4924 6638
1768 4157
3756 4094
359 4
1203 371
1141 6138
1456 65
5328 2399
8165 989
697 761
4950 3235
965 7148
4728 6927
612 866
1017 6908
6411 4555
245 1628
7125 2828
1094 6985
3167 9466
1683 4427
950 7265
808 7594
3965 3701
5636 2052
1814 54
7186 4136
2027 2857
2548 655
87 7422
623 851
724 840
214 9479
1013 549
837 8855
3847 8561
2570 530
130 9881
1173 465
1231 5635
1559 4910
2329 1554
1611 147
630 7536
3253 9390
6545 1193
2524 890
742 836
4760 2874
2269 4919
768 7341
1484 295
7893 1620
1857 6400
386 1308
2906 5165
1502 235
361 1316
1069 555
170 9789
296 1435
3140 4085
3088 4207
5094 2182
1624 5743
364 7016
215 203
7205 205
1513 5932
4851 5609
783 738
1485 28
581 1079
113 7381
313 1127
3784 4063
212 1669
5099 2165
1542 178
7888 1655
2519 5406
717 7955
5011 2739
897 7474
265 7226
7127 351
4306 3278
3651 4425
1237 405
2278 1756
1010 557
342 7817
375 7749
6954 3131
3889 3788
1232 6181
333 7873
3226 9394
939 6805
1895 3338
5719 5509
341 1098
3695 4362
4109 3440
43 486
6315 4730
1520 19
906 706
813 719
2937 5151
60 7488
132 409
5405 5949
5820 5485
3928 8497
598 6806
6603 4209
927 6497
255 1578
7199 316
3127 9489
1085 532
662 1002
614 8026
5352 2245
92 454
8176 770
1694 6166
2103 2640
1755 4213
183 7960
3463 8933
5076 6294
196 285
983 6991
786 763
1850 6404
722 6635
444 1057
2 1904
1143 6134
1030 6679
6606 4182
459 8631
4278 7933
751 748
2411 1204
4380 7560
6492 4348
336 11
1349 5293
4433 7547
1492 263
2459 4811
2268 5859
2123 2523
1415 6715
6646 1162
4050 8265
2561 588
340 1388
6981 665
5831 1396
6939 794
2000 6258
2824 5081
2069 5309
1614 141
7163 289
7143 1299
1590 167
860 6917
2106 5264
7233 2619
7206 189
4319 7653
6995 3129
3844 8576
6124 4780
1309 6895
801 760
816 7545
1575 17
1621 8100
4856 6738
947 661
1701 95
4202 8020
240 9206
7256 2536
2993 9753
5236 2969
4843 2375
635 6768
402 6903
63 1372
3541 6749
277 1500
853 7310
634 7974
5423 2166
230 1663
1487 5958
746 820
981 576
1052 6332
3040 9581
5446 5906
7793 1720
2455 6096
156 1798
2309 5756
2466 7460
6327 917
3428 4749
9008 3433
299 9149
1685 4339
745 749
2763 4531
88 457
423 1059
5847 5375
4601 2496
959 7214
5104 6237
7531 2160
282 7165
4098 3466
1679 106
6634 1164
6529 4329
1314 133
7595 1914
3369 9177
6349 1458
5685 1897
6074 2434
1354 120
6357 4691
262 1563
3145 9484
1214 419
6682 1101
271 1504
68 480
2190 2251
516 1019
7183 2803
5061 6328
302 1426
4084 8181
2585 485
7797 1691
3573 4709
5960 1841
609 1063
698 7437
6672 1758
6539 1194
3689 8795
7538 2113
2037 5329
1878 3597
2748 5263
4005 8426
3866 3918
1981 5947
528 7110
3342 3716
5420 1757
56 9507
6500 4336
4044 8283
3120 4172
1100 523
112 1823
3114 5025
5518 1708
7889 1645
2981 4413
4373 2756
5737 1407
6978 4272
4140 3393
102 1311
2050 5320
2538 5369
2889 9867
25 1883
1040 6863
1378 317
1839 18
904 7223
6803 3638
8144 239
4500 3102
721 755
7898 1524
4393 2717
1739 4266
2855 5183
3511 8854
563 6826
187 7957
1861 5537
1261 218
363 7791
3650 8815
5318 5990
222 150
77 1859
4544 3097
7118 403
2922 9806
5665 1459
7292 152
929 611
3469 4722
7003 3094
6143 1070
3840 3362
3195 9448
3065 9558
6574 4230
1344 5519
1585 168
1245 388
1181 481
3971 3283
6713 1065
1084 527
1942 5985
2034 6137
4708 2908
2270 1891
747 7344
467 1055
3493 3603
6600 750
3944 3762
7073 505
8430 58
2167 5166
1202 408
3025 5131
1044 6365
1095 6621
2126 5192
1490 6354
6191 4767
5115 6204
5843 2657
2915 5644
6816 3618
7589 2088
6522 1239
663 6723
7078 456
5371 2935
1380 6079
412 1062
3736 4205
1092 6988
4257 7977
248 7230
1077 531
2087 2743
242 7935
3920 3773
6857 3464
6152 1662
990 6454
4680 7081
938 6835
3790 8710
71 7965
5452 1737
551 6833
4039 3191
4387 2730
7345 2473
4244 2878
284 1461
4824 2849
649 804
7897 1561
1868 5497
1441 6437
3901 3316
6665 3951
5013 2704
558 1142
4674 7123
2848 9916
413 1280
6940 3290
573 913
2529 885
2177 2478
582 7565
7371 2319
6921 3382
3010 4948
45 7520
7193 2705
3334 3755
958 636
2687 5354
640 848
7861 1660
4681 7048
5393 2237
171 7234
6047 1172
3173 4974
4711 6970
4314 7821
6755 3793
6050 1836
5063 2194
1555 5900
169 1743
2614 4692
7255 2582
6348 1460
7030 3028
1212 334
3461 8979
3987 3617
8377 201
6651 3985
5348 2384
5827 5475
5600 1625
712 928
427 1272
778 6964
3078 4271
6042 1837
491 7130
6797 529
258 129
1506 208
4482 2668
2230 5753
6873 1483
198 7259
7497 2226
3180 4001
4995 2209
2046 6062
3239 9393
6861 439
2096 2714
253 7918
3168 4031
2073 2802
5504 5794
5208 2515
723 6633
4657 7171
8126 1041
124 437
1178 6229
1479 6700
7647 1794
3083 5036
305 7131
6114 4783
4027 3991
560 922
2690 5330
8161 1011
6107 1135
3579 4594
4273 2839
6764 575
664 970
504 7615
1911 6375
2026 6159
2869 9892
2447 4825
979 6779
6338 1501
6280 4746
3809 4133
2324 1556
83 7447
1243 6526
1198 420
2867 5080
3530 3588
3568 4715
1651 4552
1937 6353
600 879
411 1292
7936 1414
3196 3999
4033 3531
4742 2897
5176 2543
5091 3139
1302 350
5527 5773
1902 6773
2369 5513
2895 4464
5407 1783
2145 5968
5139 3073
1881 6387
424 7192
2296 5667
3421 9049
3126 4151
274 1220
1046 7042
4532 2556
4831 6817
98 1333
4406 7548
7421 2266
1499 6662
1545 6310
4124 8135
1576 5870
3090 9499
3731 4327
1534 5905
5675 5542
2729 4537
931 6836
4066 8239
6412 1406
930 668
5836 5376
5571 2070
1103 483
8378 114
1213 6949
4267 2847
1626 6588
3878 8534
407 1076
1429 6070
382 7746
1627 6570
5056 6345
70 1343
2902 4988
4705 2474
5034 6534
4006 3207
6831 934
3872 3877
1289 210
1668 6503
1725 6498
753 792
1533 5088
2008 6225
4484 3591
138 7285
1908 6771
1258 233
5032 2195
3164 4976
292 99
6691 1071
863 6577
3267 4870
5311 2952
1300 6101
3577 4669
4135 3869
115 7318
3832 3948
810 758
1234 300
1704 6153
5284 1939
6301 2108
3601 4527
3229 3970
4238 2960
4461 2679
366 7002
4368 2780
6754 3822
3623 4357
2916 4978
7716 700
1174 6962
7092 435
2410 4862
4784 6922
4912 3319
1248 297
2387 4891
6809 518
4091 5100
5378 5970
858 725
6321 4714
597 6812
3679 4295
1327 337
5677 2746
3112 4799
48 1864
166 355
391 1296
3067 5108
2767 5216
2558 5935
3945 3304
6179 1574
2801 4477
781 6604
1036 6668
3600 4542
2021 5340
3047 5125
3396 4839
4051 3480
1021 6390
1075 6729
6788 1028
3527 4465
3093 4192
696 7446
1529 6325
250 1619
5674 2029
8240 367
33 7351
6516 1247
6115 1117
7774 638
4695 6979
1171 6563
5939 1844
219 7945
1438 5251
2457 5534
3963 3751
5253 6020
5312 2433
7133 392
1546 6307
4942 3258
3376 3672
1975 2862
7386 2295
2368 5594
1450 7173
7875 436
882 629
4049 3185
821 7915
1973 6287
1389 308
2159 5965
1964 6299
1963 5449
7646 1854
1188 448
3732 4245
4023 8365
6578 1186
7757 1729
496 6881
2236 5678
7316 2493
869 7267
4502 2583
3247 3851
4035 3988
5852 5350
6054 1155
5832 1855
7682 2396
5305 1812
7273 190
5604 2816
4360 2809
318 79
2321 1703
3030 4940
2530 4734
6844 3537
469 8495
5557 5766
6156 4776
1587 6649
2638 5373
7415 1107
5904 1370
1591 6305
3044 4346
6319 1512
1018 578
7901 426
3092 5597
3416 9147
3667 4297
2407 5562
3606 4419
2620 4664
5147 2132
1377 7335
3858 3934
1634 6184
4955 6613
163 8417
4576 3096
6102 1137
1088 6989
680 7477
3156 4779
8254 134
3589 4447
539 1163
4572 4761
2505 5484
1698 5656
111 1826
1362 331
2328 5699
9921 517
2759 5257
1206 6530
4747 2423
2929 5154
6192 1020
7167 2823
7999 1244
2117 6005
280 1151
38 7984
9345 852
5792 3746
6565 806
960 6474
984 7134
3036 4396
3359 3685
7145 328
1675 109
3721 3407
691 7455
3071 4911
1146 7514
3998 4077
2144 5974
62 7981
7938 387
4507 2573
7189 2784
4936 2765
5725 2707
5196 6073
4589 3056
5695 2722
4342 3269
5465 2158
7220 2694
6379 2086
4414 3124
1489 6405
4608 7190
4237 3307
4520 2566
2224 5763
4685 7014
4757 4604
5627 5554
5648 2768
1642 5705
3340 5495
3419 4763
6046 1252
1988 6589
7494 1038
817 683
6552 1892
4962 3208
6956 793
1682 6943
6363 893
3630 3489
1325 6864
1787 3960
1609 6213
2527 6008
5241 2095
3927 5245
513 8261
1912 6045
6278 1550
4768 4587
2800 5815
8514 1640
787 8003
2343 5662
6855 3917
7863 487
1631 5710
6883 900
6243 977
7829 544
3705 3448
7116 1328
6714 4024
3880 3356
2711 5272
7854 2242
6436 2071
2120 5228
4321 7604
7972 1384
1941 6341
1648 5657
564 7065
4102 3457
8299 69
6027 2484
6980 673
6216 2257
876 9476
4142 3855
2636 4654
1399 7282
8019 1230
3753 8788
1385 7300
2799 4498
1148 7491
559 8182
3814 3977
503 6875
6270 2151
7031 1425
3817 3964
479 9929
2480 4796
2876 5712
9171 1049
6028 2468
5973 2579
2508 924
910 6871
6641 1767
7129 398
1468 6409
6364 3220
3658 5383
3512 4508
6076 4935
3925 5278
756 6628
5476 5854
841 654
3250 4754
2974 4450
1054 570
1966 6724
1009 6441
777 6996
3378 5487
522 7120
2950 4949
4045 3490
3355 9204
1493 5940
3106 4178
1225 6916
5915 5260
4805 2865
6900 822
5681 1977
1453 6421
1419 7252
704 6650
5936 1846
7097 385
7331 2479
7522 2189
1297 7366
3554 4457
7326 2483
472 7699
2342 4894
648 6742
6053 1833
3571 5431
1433 7182
6285 3424
1792 57
1281 211
6792 1008
5598 2826
6955 1449
5895 3604
3887 3850
3635 4436
3256 7088
8594 1528
6952 1469
3292 5496
1434 6039
968 7778
6220 1567
3891 3353
5297 2450
6756 1688
2651 5333
4370 2771
5067 2650
3989 3540
8220 373
4878 6643
933 7849
3193 4765
7976 357
8230 149
6103 1829
7727 1781
2782 4526
3785 4056
3709 4289
3582 3533
1932 6370
7119 2918
1519 7063
4165 3043
1903 6385
548 8192
4374 3718
2377 6165
5569 1638
5640 3826
5349 5254
728 8057
690 7057
8796 1443
1351 6445
4053 5178
6069 2446
4418 4989
490 6887
273 8344
6205 2390
5962 2593
1710 6929
4259 3796
6015 2514
775 8022
2565 7785
6722 1060
3884 3873
6383 1417
1775 5649
7363 2443
4926 3285
6725 587
5157 4229
6694 3008
8522 1594
4167 3815
835 736
5356 4042
998 7111
1410 6762
1774 6111
6160 3444
550 1153
3200 4897
5653 1509
5957 4772
4857 2846
1428 304
3534 8844
3186 5560
2866 4475
6515 1288
720 757
7095 428
5647 1526
2978 9783
5620 2053
2260 6238
6337 2093
1666 6960
7626 1905
7074 2932
5225 4150
2362 7920
5222 5372
7301 2742
5493 2881
7212 151
2110 5875
7731 1748
8263 2724
1007 7703
1610 8670
6757 1670
7325 1131
5303 1856
6708 626
3739 4226
3894 5317
4898 4530
5834 3660
4397 3224
1998 6558
1145 6585
1278 6455
1845 6808
9 7546
5441 3953
5502 5810
6432 3160
7324 117
9416 1828
2580 5361
7979 1341
6413 4524
4155 3327
533 8203
3199 3993
4774 3420
7934 1482
1294 352
2507 5425
3674 5351
5285 2966
875 7892
2615 4689
4222 2979
2713 4637
4629 2495
2292 5672
5106 2574
1279 6164
4880 2339
2526 6037
7912 2188
5244 2064
4469 4932
1714 6925
15 7382
7492 3333
1515 7071
425 8277
6 8425
577 9784
5053 3170
7142 323
3442 9026
4332 3734
759 7008
2333 7954
2510 4740
8152 236
2012 5365
1369 7359
735 7022
155 7306
348 7217
3225 4764
2872 4994
5740 2688
1527 6660
3060 5611
6551 1899
1393 6790
3011 7368
3798 4029
6358 3242
8455 1673
7152 322
788 7990
4233 5038
7180 1273
2308 7971
1734 6481
6752 2948
7096 1361
7657 2438
1764 8626
3678 3462
796 7948
9267 952
2576 4710
5564 2844
4206 5039
3138 7200
2001 6541
3521 3594
4848 2367
988 7763
5878 1382
3458 3620
4992 2234
5735 4958
5057 4420
3519 4491
8218 1830
1623 6186
1596 6251
2197 5144
1265 7391
4478 3622
6640 4071
5612 1562
5402 1797
510 1023
6180 1022
4617 3535
1114 6586
64 7338
2659 4646
3827 8680
5156 4274
1541 8829
4060 5172
5713 2719
2512 5462
1579 8819
6150 1741
3765 4161
5986 5085
6002 3515
1042 7652
2462 5528
3633 4322
6022 1257
6326 3371
3799 3384
5996 5024
6718 1064
7534 2520
6523 1917
859 9477
1853 5541
6194 3437
5219 3022
2246 5010
2795 7655
676 6674
713 8092
7711 2340
3553 3547
7985 353
1061 6624
6424 1398
73 7321
8028 1184
394 7709
7067 602
4860 3400
1871 6793
2521 6071
9247 991
4559 6086
3640 3468
2625 5359
4812 2852
7211 1271
495 1249
3360 4586
4972 4517
9192 1031
1465 6032
6163 2427
4964 2303
232 7248
4645 4682
5052 2693
3000 9733
5464 3868
4702 4648
610 6770
7623 891
6746 1744
27 1865
8219 754
6542 843
5055 6420
5593 3848
7000 2875
4649 3522
6517 1919
9625 660
6684 3041
5445 3929
126 7355
2039 5887
2940 7452
3846 6630
1652 6965
7187 269
5123 6123
5942 4797
9538 1723
4516 7235
1470 53
3626 3528
256 9157
101 1322
3312 3821
347 7222
982 6741
5232 2098
7430 2240
4282 2834
6486 3132
2607 5404
5570 5726
6478 1358
440 7168
5269 5296
7025 627
6442 877
1321 6452
4996 2203
6231 3436
5294 5292
4363 7242
9628 8779
7352 2675
765 9604
2065 6501
1804 8529
849 7900
1012 6957
5547 1699
6372 4591
2212 6324
8305 1747
2946 4951
2991 7431
8217 1840
103 441
3234 3902
4470 4913
7403 1112
6675 1106
3912 4106
3802 7887
2129 5830
1218 6200
3854 4112
941 603
4101 3881
802 7925
9235 996
6528 1915
5917 4817
306 1147
4984 5599
2477 6089
3978 5184
1001 6449
688 964
7523 997
9453 780
6012 4736
8170 2805
2815 7644
4065 3941
4299 3771
6038 2448
5389 2901
2670 5886
3839 3364
800 7946
6802 999
4573 2502
3351 7035
5577 2060
2076 6052
172 8360
376 8300
4315 6408
7188 320
3740 5335
3268 5512
669 9633
7713 3165
3197 5558
7658 870
1305 6084
4097 5095
1156 7424
5761 3764
7651 884
3807 4012
6148 1050
4782 3402
6561 3089
2500 5498
5803 3693
8016 2887
6512 4284
3386 4556
5980 5179
2100 6017
7126 1307
1730 6909
2933 7549
1508 6340
1185 9229
4138 3417
6475 873
6007 3487
6727 3995
5530 2089
2383 5590
3231 8415
3818 5322
4613 3018
5684 3801
5686 5017
34 7540
237 1227
7271 191
5921 3566
8332 1721
5610 5077
9533 707
1813 6431
2228 5078
2449 6117
2347 5654
3968 3663
4287 3298
7781 595
1154 7426
7633 888
6626 1877
5037 4422
6807 2944
2796 7645
1091 9372
8653 1466
1286 9059
9272 914
6082 4668
6537 4270
6818 1646
3886 3862
4938 2761
6100 1139
714 7425
173 7286
2592 5444
6760 1661
9197 1004
378 7194
9882 543
1081 9397
5533 3867
401 9970
2858 7597
3117 5023
994 6695
3760 4083
4679 3518
5736 2702
1916 9667
1166 7399
1024 7102
5358 4025
6894 839
2258 6239
2125 6428
2208 8008
1074 6602
593 7060
708 8107
1965 8134
1051 7034
7504 2612
8138 1962
6973 1446
1284 9109
3632 5424
5919 2618
4487 3590
1326 6853
2344 5629
3727 6735
1133 6975
7907 414
5388 2909
1409 6440
6828 5143
8154 221
468 9951
6151 3452
4758 3439
5031 4448
3116 7219
937 9420
7280 3550
2555 5458
921 7317
8507 1641
526 6852
1997 6559
5273 2033
8598 1523
1108 9351
4108 5054
1277 7384
2788 5193
144 7307
6065 4703
797 6937
477 9935
8536 1570
9056 2038
9123 1102
4018 4034
4638 3532
4493 4900
6460 4401
3879 6622
2075 8058
3381 4567
335 7246
3584 4575
3405 4518
5632 1551
7580 3240
9738 624
6531 845
1820 6051
2925 9094
8445 13
3627 6740
4590 4721
4641 4718
2313 5664
8915 1290
7535 966
644 9671
3249 8392
7005 3825
3374 6983
3720 4275
9576 1697
3238 7117
1921 9918
8503 1643
7501 2623
7346 2696
833 7319
5299 1936
2600 7720
5861 5978
4716 5989
1521 8832
5188 4176
6104 3479
6787 536
5552 2082
1920 8325
4881 5745
2397 6133
4820 5851
4080 3171
6393 1413
3477 6876
1879 9737
6426 1397
393 9997
7245 261
3911 5289
7691 2352
4743 4647
4260 6466
3315 4606
3020 7333
6811 5168
5145 4302
8809 2285
5764 4886
6288 3418
7470 1083
4874 2781
2899 4993
2372 6177
3321 4863
4802 5909
2575 5364
4946 6822
5692 2745
3095 4868
6680 679
5997 2540
370 9998
7059 4741
8655 1455
6463 4385
8287 2715
1120 9329
3387 5480
795 6941
6609 4186
7473 2646
9640 1632
5592 3856
8259 1782
8358 2639
8310 234
3251 8386
1577 7061
5800 4855
2635 9174
7448 1097
6259 2179
6471 2022
7681 4158
6944 3896
8301 21
1340 8996
5704 5001
5133 4341
5202 4174
7402 2654
5535 5119
8537 1568
1109 6269
5242 4114
5092 6262
7734 674
8395 1719
8590 2402
5615 1552
7445 3380
1402 7264
2345 6210
6067 4678
1976 9622
7992 1291
5238 2453
2511 7852
4766 5927
8527 2460
9112 1165
7758 646
2249 7995
2418 7876
976 6801
4543 3548
7631 2444
1955 6739
2534 4733
3694 5346
6858 923
2597 5419
3413 6911
8914 2146
5363 6422
6142 3460
7670 3172
7677 2403
2409 9399
6283 5540
2752 5185
2677 5872
9275 899
1086 6298
8657 1454
8478 2490
3741 4212
3153 8463
3087 7249
5734 5817
3735 6703
1255 244
5385 2930
4164 3320
4861 6942
1717 9857
8635 1474
8085 2820
5044 3182
8024 326
4577 4759
2090 6488
4541 4888
7842 2254
6707 4059
5670 5058
3313 7041
3958 4100
4701 5994
4561 4834
8068 2859
26 7353
5367 6417
7315 2703
4957 6813
1785 8612
5408 3957
6899 5097
5894 4840
1769 9829
3270 4737
7578 898
9931 1392
6171 4582
5409 1761
9271 948
8051 1099
6599 771
4635 2987
2130 6355
8046 268
3189 4960
3068 5066
1602 165
7483 1067
2547 5981
7327 1121
5728 4973
7347 4430
3434 3631
5606 5922
9952 2028
7062 3748
8487 1650
231 7253
2178 5771
3212 8448
6829 2939
8818 1359
6451 3136
7566 907
6361 4625
1087 7573
3069 8618
7208 182
8215 1894
2609 9352
1598 6987
484 7161
4349 7274
7019 1432
718 850
1929 9891
6011 1283
5567 2833
3308 7056
2760 5842
463 9953
5434 6252
4198 3002
8935 3063
6485 1967
3166 5588
5959 5839
854 637
7605 2491
7823 567
8281 1750
4262 7449
8807 2312
8200 161
8993 2042
3005 4400
4215 3803
128 7348
8948 2115
8167 3804
6099 4615
4921 5661
5043 6429
2267 9486
7968 2186
8297 2712
726 8066
7302 1158
8642 1467
5250 2063
508 7122
4354 3236
4980 6810
2371 6193
3914 7737
6293 943
1885 9681
5934 5908
5857 2652
8614 3409
1803 6886
1442 8893
5676 3810
1275 9138
5086 4398
7176 321
944 7840
9463 741
2020 6190
1422 6439
8015 2888
1200 9225
1949 5494
9045 3015
1424 7228
4277 7433
1105 7556
2467 9402
2589 9234
3621 4476
1495 7089
4939 5633
3972 4082
7685 2366
7038 4806
7978 2957
2049 9846
1183 9281
2359 6196
4687 3482
8160 195
7505 1034
5838 5993
2810 5130
1401 8932
5741 1890
5524 5152
1992 6260
8201 158
9296 1901
684 7463
7104 365
5972 5805
5790 4867
2040 8109
2163 5952
3455 6879
1696 6157
5229 5319
4468 6195
7377 3470
4496 6136
9651 1613
2891 7569
8034 278
8562 1558
7702 856
4547 6088
8929 1282
6821 1636
2845 8890
847 9526
443 9959
4195 7515
1037 6653
1190 6950
7308 136
7617 2488
5126 3118
9184 1924
8516 1639
9322 889
6730 3864
7619 3202
5896 5923
3426 6880
6214 4488
3876 7802
2452 7857
8696 2361
8222 1819
2727 9114
5212 4156
8839 2256
7313 2741
8640 2365
3349 8707
3952 5210
396 6904
9709 2300
4499 2613
4074 6513
2131 9613
9333 1874
5884 5977
6140 3471
2769 9035
1160 498
9042 2041
2666 9340
3244 7090
185 8348
4985 3187
4143 7532
1603 5807
3123 4170
5658 5068
3411 8103
1089 6281
12 7383
5474 6277
7177 4574
6785 2945
6359 3233
6572 4243
7160 2791
5302 5283
4579 7013
4366 6266
9994 1989
2220 6303
4249 6468
2951 8822
2386 7883
5850 3607
5060 4411
1313 9048
6842 458
2967 4460
3137 8469
4729 6926
8545 3481
2588 9237
2912 8849
6699 4130
7001 4879
8939 3050
9083 9347
628 8180
8075 2841
5204 4160
7288 4444
3690 4391
1984 6598
6548 1900
6958 4892
2770 7683
579 9779
8723 9617
7905 2227
6966 3888
2785 5158
8216 1847
9442 2429
8036 3883
1659 9908
6776 5175
4089 5150
7527 2563
7066 4697
8406 1702
3263 8376
2013 8122
5453 6344
4009 6564
3053 7322
3845 4120
7027 3754
5268 4079
8384 2569
2128 9563
4837 2408
3125 8515
4367 7342
4351 7266
1301 9051
5750 6016
5751 2683
8436 3501
974 9409
6868 1518
2032 9570
4872 4540
2382 9425
3179 5583
9807 1427
6719 2959
3325 8302
7072 525
2373 6168
9844 552
2854 8864
8968 8633
8952 2083
7988 2917
2790 9005
7714 2338
3274 5507
4808 6999
6509 4301
8558 3456
5103 6644
5197 5511
4672 6967
7305 3529
8173 3763
4280 6459
5637 5070
3098 4822
4298 6457
9250 2830
4022 7678
6678 3054
8416 1674
6334 5357
2346 7940
3593 6743
9555 675
4622 7201
7112 1346
3085 8521
7209 4539
7434 9730
6841 3924
2905 5708
4137 7609
7221 2754
3525 6783
5207 6627
7009 2836
5203 6645
4110 7543
6615 1888
3904 7796
5069 4399
7263 1192
6218 2241
5240 6554
9310 895
7868 3990
4534 7232
3121 8925
5401 4013
5235 5314
6309 5471
2360 9472
7794 3013
537 949
4441 3634
9301 1887
3506 8331
7144 3677
8488 9913
2595 7784
2853 7608
8986 2061
8927 1287
4325 6373
6896 3907
2288 9530
819 9568
6907 4953
2007 5442
6268 3431
6250 5574
2353 5642
7227 2656
9646 2327
7150 3676
9648 645
5626 2793
5901 4829
3294 4670
9262 8367
5048 6763
8397 2545
4125 7628
6446 4417
8681 8759
9661 2307
9996 1972
2920 8825
3713 6736
4611 6969
3774 3394
9113 1122
8334 2661
9540 8000
3122 8916
4378 7320
1332 8997
7147 2831
5217 6583
4003 3246
8584 2439
1876 9750
9366 9033
3248 8412
3273 8372
3576 8213
2864 5730
6494 5262
6406 5337
9764 2274
4455 7277
2310 9495
399 9986
2775 9009
4885 6882
9902 7606
1607 8690
9208 2832
3034 9689
7939 2984
5417 2885
3390 8172
2218 9588
9724 2290
8727 3323
5186 5520
8884 3142
2164 5785
5508 2851
7808 580
5543 6049
6483 4358
4490 7268
6416 4412
5395 5199
9176 1969
7375 3524
1457 8891
1808 8504
2997 8762
8739 3317
8243 9179
7819 9611
9330 862
2077 6495
1180 7398
6657 734
5239 6493
7085 1366
6581 4254
8366 3586
4934 6878
4002 7740
4261 7405
9378 1862
3077 7250
8249 2738
5732 5853
2311 9443
6245 4479
8539 9720
2231 9523
9458 8090
4536 6119
7438 3389
8264 3717
1676 9883
4818 4557
5290 6469
8169 164
2755 9280
9685 2306
9501 7665
4777 4569
3201 8456
3940 7733
1152 7468
7006 3775
471 8480
8595 9034
8093 2016
395 6968
434 9964
4021 7728
7588 3217
7562 936
6374 4463
8032 2079
8043 2860
6286 5539
8513 9782
2097 9756
5020 6702
8867 3174
5589 5967
4523 6127
5591 6121
8987 2043
3453 5433
6290 961
2054 8089
8977 1259
6568 4296
9429 2463
7690 9587
1267 6467
7500 4331
3062 8644
7281 2751
566 9804
3664 8010
7166 2786
2766 9067
3391 4533
1217 9219
5907 2624
7149 2818
5492 5161
6767 5214
2682 7697
3430 8528
5267 6489
8622 2378
693 7029
6676 5230
2551 9369
3082 8959
2305 9462
5744 6033
892 9439
3265 3830
1592 9974
4873 2807
3649 8071
3517 6843
2156 6347
9836 592
542 9866
9043 8481
9912 1416
7018 4852
3288 8797
8359 2617
9992 8429
4495 7260
9543 705
9407 798
4983 6784
4473 7106
462 8268
4639 6048
7622 4210
4046 7624
2630 4659
1863 6396
8351 2641
4849 5784
6444 5306
4392 7225
903 6912
7641 4162
3358 8668
8928 2137
8607 2394
3654 5412
1991 9861
2753 9299
4690 6023
3276 8802
5180 6661
5107 6716
2601 5415
3081 8546
8454 8887
390 6982
6947 4901
2812 8944
2141 5991
7015 3049
5198 3045
1564 5890
7611 9634
3261 5516
2229 6300
8851 1324
6282 5550
9717 1477
5396 2211
4190 6507
1391 7296
4310 7360
7790 3059
1589 8728
1950 8189
1818 8407
7297 3544
2247 6274
4356 6342
4677 7172
9452 8120
4550 7053
7197 3668
7777 9656
5286 6477
2440 5544
5300 2962
619 9699
7839 2263
3459 5432
7721 4129
9842 2187
7640 9787
7261 3581
6824 3973
9274 8362
8535 9743
2091 5883
8439 2503
8433 8942
4688 4650
1771 8617
9016 1235
4785 7051
4219 6479
6617 4185
3341 8725
3966 5194
9236 8452
4778 6946
572 9795
2577 9363
8835 2273
9346 828
8880 2168
9317 2604
8006 9455
5975 5796
2720 7695
4255 7456
8877 8632
6162 4600
1463 8886
9467 8079
4719 7136
7799 9548
7859 2996
2461 6091
7756 4111
8583 2458
9447 2428
6058 1140
8178 1931
9620 1653
565 9826
6837 1544
9319 9082
2127 9623
4751 7114
9590 7521
3048 9013
7585 3221
4666 7174
7238 4492
1835 9785
8168 2808
2634 9222
5696 5007
9152 9244
4566 2528
9947 2036
6986 4884
5782 6006
3388 8601
5005 5578
2413 6131
1722 9848
2232 5019
687 6664
3488 8477
4651 7198
5162 5532
5460 3919
8294 3710
9470 8069
4382 3665
3206 8846
3937 6616
1786 8596
553 9845
3738 7909
6772 545
1159 6240
6095 4623
5643 5918
8892 2157
4200 7502
7661 2420
9812 8352
3870 7812
9105 1974
7903 3979
9069 1222
4265 7435
8115 9263
7279 9942
4446 7278
9259 8396
5777 6013
4896 3344
6555 832
9011 3042
6001 4755
3423 8573
7429 9993
9582 8931
8175 1959
4225 7495
9567 8805
7841 4028
9186 1045
3403 6977
7843 3003
9335 2546
2454 9411
1971 6605
7931 2985
4292 7395
5093 6666
4010 8387
9212 9185
4699 5995
6928 2924
8808 2294
7441 4394
9702 1547
4078 7571
3580 8211
7991 2140
4173 7508
8437 8901
9549 7550
7036 4813
1604 5795
6009 5754
4975 4452
9488 7675
9055 9353
3875 7803
9871 7457
5697 5893
5275 6423
8702 3337
5944 5897
2275 9584
5714 5877
1637 9938
3997 7680
7466 9708
7077 489
1889 9674
9336 9038
9414 7878
803 7328
6448 3152
7479 9821
2056 8082
6147 2431
1880 6789
4264 7436
8323 2664
2010 8125
6450 4403
5954 5231
8689 8726
5084 6745
5548 6034
7610 4236
3860 7836
7725 3119
4565 7032
5380 6308
8179 3758
9207 9309
5585 6182
1692 6934
406 8285
1003 618
2282 9536
9960 1379
9028 9508
8721 9624
7512 2572
2315 4903
3291 5500
8985 8603
9688 7475
9148 9249
3492 8464
7244 1207
9066 2009
9382 7919
3311 8356
3335 8262
4952 6759
556 7607
7584 2498
8748 8859
9240 993
7224 3646
5666 6035
3175 7191
7576 4269
3961 7787
1822 8393
5501 6061
3691 8060
368 8306
4845 5811
5490 6085
3767 8052
2667 7710
3209 7139
5413 6273
8102 9273
8803 9594
4313 7378
7496 9692
2958 8784
1684 9859
9838 8303
2898 9190
9701 8624
7362 9903
7953 9518
4454 7146
3024 7323
9591 1665
8676 9731
8637 9732
8030 324
9087 9444
3483 8511
1943 9647
4800 7010
2255 9492
9181 8148
3222 8418
6499 3110
8551 9713
9423 1795
5342 6313
5586 5079
5706 1411
7069 4684
8820 8674
5651 5910
5971 5821
6010 5701
7157 3673
5799 6003
9497 8065
9354 8141
9790 8606
7910 3938
8765 3272
9377 9022
5673 2747
8255 3745
4726 2426
2735 5258
5171 4203
2531 7815
1687 8630
2316 9435
8980 1256
5073 6667
9985 7406
9627 7708
8004 3895
1948 8224
9459 9075
7408 9773
3432 8520
4619 7203
9218 8462
4416 7216
4564 6064
7911 9596
8039 3859
5105 6594
4525 7237
1374 6798
7489 3336
9360 7967
6275 5555
2405 9417
9665 7484
4563 7215
8402 9924
8121 254
4890 6891
9071 9490
2293 9504
4375 6226
1430 8917
5605 5929
7696 4145
9440 7844
6414 4443
9874 8276
9722 8597
9759 621
1990 9863
5187 6553
2336 6224
1961 8149
8145 9320
4343 2817
9326 2567
8467 9870
8475 9932
5167 5531
8110 9380
1866 9978
8238 1817
9643 7511
7855 488
5018 6777
7101 3680
5966 5824
7705 4139
9485 7707
7810 4061
9046 9434
5096 4395
4920 5688
8827 3194
3942 7822
8501 9834
2133 9551
8724 2322
2921 9104
8063 9445
293 7132
5945 5888
2350 9474
7559 4307
4438 7204
2750 9090
9797 8375
5279 6378
2351 7937
6026 4941
4000 7759
6504 3101
105 7393
8903 8620
1494 7107
8647 8912
4324 7349
7432 9975
5961 3557
4844 5825
7490 9810
5563 6197
8699 9650
2587 9242
5304 6369
3792 6687
9909 8206
3616 8084
6902 1473
7083 3683
7694 9705
8525 9833
5287 6371
8142 3808
9772 1437
5587 6135
2286 9471
8174 9196
9314 8252
1954 9645
9637 8758
3587 6766
9971 2018
7956 9468
5447 6223
7551 4308
2391 6158
8833 8649
9406 9119
7443 4347
8786 8737
7417 9752
7583 9649
9239 8435
9122 8519
8166 9205
7218 1262
8950 9481
3699 7951
4361 7361
3425 5477
9395 9004
2907 9137
8400 9125
2718 9136
8027 3885
2637 9172
5006 6720
6502 1335
3243 3890
8666 8770
9890 7450
2363 9426
3523 8087
3474 8094
9251 2819
8419 9894
6187 4509
2798 9926
1938 9888
8857 1315
6849 2934
8755 8794
8458 3498
5205 6536
7773 4062
2104 9680
7751 4116
8097 9392
9781 7662
2622 5902
3161 4048
7298 3542
7043 1400
4982 5624
8195 2772
3624 8055
8408 1700
3074 7283
4859 6913
2757 7689
9776 8629
6382 5338
7044 4773
7169 4596
762 9610
3837 7904
6418 5308
9313 8330
5149 6697
5622 5920
1848 5630
5074 2591
3950 6571
9285 8345
7570 902
6897 5116
3017 7339
9438 8926
9505 8064
3357 8196
2302 7975
7986 9513
1927 5999
5625 6116
4043 7625
4291 7385
9159 2873
5718 5863
9965 8457
9243 9140
3853 7848
7376 80
5370 2947
8449 9061
1799 8575
7943 9529
8813 2283
9980 8451
2356 5639
4379 3671
2557 7811
9339 8251
3361 8654
9358 2501
4907 6834
8834 9574
9794 2200
9744 7672
4217 6487
8951 8639
9822 2199
3539 8072
2223 5768
3669 5353
415 8279
2999 7373
2835 8905
2596 5933
8245 2764
6279 4471
5738 1403
6154 4609
9480 7779
8761 3309
9270 9118
7154 4643
9030 9460
5040 5575
7928 9534
6893 3447
2608 9356
8363 3605
9396 7882
9498 9063
8088 9398
7499 3310
8101 9284
4683 3502
1266 9145
9672 8678
2099 9697
4694 6021
3314 8342
2469 9357
9373 8140
9740 2277
7795 9554
4384 5000
6732 3975
9421 1825
4318 6407
9246 8106
9154 2963
8888 8641
4731 5955
3955 7814
8056 9327
8308 3686
5177 3046
2487 6081
7586 4250
2861 9215
8982 9532
9823 7465
7835 2297
8388 2560
7961 2971
6248 5621
9644 650
9820 8338
3372 7012
9824 8581
8799 1404
9828 8568
7407 9786
8346 9018
9547 7958
8937 9559
8645 8967
9288 8040
7894 9544
8773 3252
9621 2364
9230 8461
9316 9103
7247 9988
9068 1982
8895 3133
5274 6434
1605 8701
6936 4930
6629 1869
8322 9027
7439 9729
1635 9969
962 7825
7420 4405
3657 8053
9343 8233
8555 9711
7526 980
5466 6323
5848 3619
9642 2348
8541 9716
9887 8549
2174 9600
8291 9081
9851 8567
5065 5549
6057 4725
3559 8315
7994 9387
9451 1752
6458 2044
5102 6737
9017 9520
4986 2301
7040 4803
8328 9220
7162 4636
534 9917
7930 9556
9748 7667
2355 9428
8919 9482
8559 8780
3086 8945
2535 7813
7178 2779
6862 5138
4914 5691
7770 9683
9598 7518
1987 9573
8472 3495
3306 8792
2931 9076
3395 8143
9943 8548
3905 7874
9569 7530
9015 9469
3100 4816
4285 7388
883 7891
8373 9000
3916 3780
2976 9050
5461 6097
8730 3318
4304 6453
8327 9941
1827 6884
9535 9047
2516 9324
9023 8492
4489 4906
2740 9091
2497 7853
8099 3819
9473 9065
7752 3091
8494 9862
5331 6329
9248 9134
5438 6392
1583 8769
9937 7444
7980 3915
5775 5814
9099 9437
6591 4234
4072 3908
8382 8988
7542 9676
8734 9612
6014 5663
9432 8978
9757 8484
8123 9253
9607 8913
7772 9673
7243 89
5523 6247
8850 2214
4865 5772
8760 9605
8778 8746
7826 3009
8383 9126
9976 8114
7739 9557
8405 9117
9032 3016
2518 9315
4175 6511
3939 5221
5941 1352
2216 5770
8197 1910
2171 9525
3936 7736
2085 6491
8848 8667
5628 6040
9595 7765
2827 9277
2475 9384
8883 9580
8930 3099
5111 4365
9454 2421
7899 9599
9368 9187
692 6652
2147 9541
2994 9031
7100 410
9461 7806
3874 7886
9663 1600
8949 8616
6795 3974
9517 7642
1226 7397
8298 9264
9060 9493
9151 8333
1644 9914
7519 9791
3033 8756
6276 4474
1802 9792
1597 7058
8902 8625
9515 1738
3282 9290
8275 1759
6415 5327
3592 8159
9904 8209
9155 8250
4020 7635
4123 5045
7493 4335
8476 9057
8267 9173
4945 3237
8621 9754
6659 695
9130 9391
7600 9788
5366 5223
6976 3852
3505 8409
8025 1209
8304 2710
7792 9641
3562 8062
9948 7593
5566 3861
9269 2633
3213 8440
8127 9231
8509 3485
8502 9036
7743 4118
360 8312
6296 3408
7257 3639
7478 2645
3996 7723
8510 9864
3322 8741
9889 8247
5392 2896
7809 9639
9153 9332
7404 9856
8391 3516
8450 9058
9073 2975
8782 9626
3293 3823
9202 2868
9362 7952
8687 9660
3427 8565
9464 2415
9962 7412
2287 7987
4323 7350
9039 8552
5259 6505
1586 5828
4449 7151
2911 8861
3800 8001
5082 3148
2928 5613
9550 7932
9735 8570
7379 9896
3219 8810
2749 9321
7870 9603
3843 7890
9141 8350
8585 1549
3443 8517
8357 3629
4676 2943
5071 6748
9840 7636
9365 7942
9441 8823
8824 3210
9252 2773
7094 4662
9906 2068
4242 7414
4088 7643
2265 6236
9572 8781
8295 9054
8296 9044
9430 9084
7418 3467
3214 8421
9677 8672
9388 9021
9745 7668
2598 5418
9376 9144
8029 2102
8119 9341
3507 4514
584 9767
6292 5536
2542 9371
4353 7365
8074 9307
3836 7924
2723 9337
7374 1118
5983 3552
4660 7181
5249 6036
7153 4653
8490 8826
5427 6255
8446 9111
9715 7684
4943 6846
3922 7831
9110 9261
2019 9849
3602 4431
8969 8592
5324 6333
6540 5246
9514 8045
6905 5004
8852 9566
3075 8966
9070 8401
9979 8048
5368 6398
10000 8017
8924 9560
9375 9165
3838 7869
9223 9146
4513 7241
6249 5601
7917 2988
2175 5779
4248 7476
8860 8656
7453 9869
7294 9927
585 9766
9089 8394
9589 7896
8611 9019
9150 9364
9342 9037
4545 4847
9967 8157
1345 8994
8319 9961
5755 2672
9424 1778
8981 9478
8972 8505
4652 4671
4810 2414
9002 9531
9545 8976
4656 6041
8489 9900
1810 8443
6677 5218
4256 5026
8289 9093
5559 5089
4241 7481
9602 7724
8098 3857
9292 8014
3572 6780
9755 7467
7506 9686
8234 9189
8011 9450
9412 7879
6637 4163
9257 9226
9300 2621
4505 4899
5683 5021
7419 9734
3570 8286
9659 8868
5556 6024
7748 1740
3007 9710
2681 9168
8532 8791
7472 9696
1073 7629
4804 5881
8369 9182
8800 8731
4404 7287
4303 3752
5012 6717
9546 8956
9630 8873
9020 8591
9522 7561
1233 9195
2594 442
9024 8566
8468 8837
9691 7692
9712 8840
9780 8379
4057 7666
4528 3564
1751 5652
3107 8934
4458 6209
9638 8736
5856 5982
5456 6170
6726 4004
7671 9631
3401 8129
2058 9769
9835 8324
3151 8910
3368 8177
4095 7557
7423 3398
5576 5969
9593 2385
8789 8733
8269 9160
4453 6221
9714 631
9968 7579
8954 8605
2101 8033
8329 3647
3805 7963
7528 9684
7818 9619
8190 9312
8556 9815
9506 740
8842 1329
1582 9984
9765 8470
9950 8496
8709 8711
9389 9121
9865 8280
4047 3959
9895 7632
8828 9585
7669 9706
9597 7732
5146 6593
9224 9306
9064 8404
8754 9670
8686 8896
9586 7914
9763 8664
5174 6576
4959 6744
8636 8995
8975 8498
9415 9086
9728 8700
8047 9350
8816 9583
9052 8441
8339 9193
1355 8943
4781 7076
9255 2737
4738 6923
5561 6241
9408 9106
8309 9999
9995 7577
6004 5776
8538 9827
8763 9632
7923 9575
8370 9163
9609 8911
9987 8432
8410 2522
6000 5780
8139 9221
9128 8353
9747 8694
9254 9276
8714 8885
8871 9487
8889 9562
8719 8706
8229 9266
9287 8076
9519 7598
7715 9694
7517 9809
2416 5551
2304 9503
9436 7860
8582 9800
8499 9860
