1912500
96
133
2585
148
151
153
164
165
176
179
217
220
222
229
233
243
253
285
305
327
349
422
480
481
528
537
646
656
677
696
702
752
762
779
786
789
791
812
831
948
1005
1041
1047
1057
1121
1122
1133
1181
1187
1203
1207
1216
1218
1241
2126
1256
1309
1312
1339
1340
1348
1364
1406
1407
1441
1454
1459
1466
1476
1565
1583
1601
1607
1620
1630
1636
1640
1659
1666
1679
1682
1694
1702
1717
1733
1741
1746
1748
1751
1768
1787
1788
1804
1827
1852
1864
1885
1893
1896
1905
1915
1917
1992
2036
2070
2147
2159
2178
2187
2204
667
2211
2213
2219
2241
2248
2261
2282
2322
2324
2351
2352
2355
2362
2363
2368
2397
2443
2453
2463
2470
2562
2568
2601
2642
2643
2654
2685
2688
2690
2706
2728
2730
2747
2779
2822
2837
2869
3393
2910
2916
2928
2983
2989
3000
3032
3033
3060
3097
803
3109
3126
3138
3144
3185
3189
3194
3200
3203
3218
3235
3246
3253
3260
3274
3333
3341
3391
3396
3399
3447
3456
3475
3480
3481
3490
3535
3497
3562
3580
3636
3645
3669
3709
3733
3748
3765
3775
3793
3828
3832
3848
3878
3884
3925
3964
3965
3986
4031
4036
4076
4090
4133
4184
4250
4259
4342
100
4350
4353
4355
4364
4380
4413
4439
4480
4498
4519
4537
4552
4566
4568
4570
4575
4581
4583
4607
4614
899
4617
4622
4627
4639
4693
4723
4763
4776
4868
4896
4901
4911
4947
4955
4957
1
7
8
18
23
27
38
40
54
66
67
70
75
82
89
102
111
117
123
127
129
134
138
143
145
154
158
162
167
182
190
201
204
207
208
210
228
232
235
242
257
1098
259
266
267
287
290
291
293
318
320
322
331
334
337
4117
338
341
343
344
352
353
354
356
358
1643
366
370
386
391
447
472
477
484
490
492
493
500
504
516
522
527
541
553
555
567
569
576
577
583
586
592
598
617
619
621
623
633
635
636
637
1046
648
665
666
672
674
218
680
681
692
708
712
716
717
732
747
758
764
766
783
794
796
809
814
817
823
829
834
835
838
841
852
854
855
860
870
872
873
879
890
900
921
930
938
946
953
954
966
3544
969
973
980
984
985
989
1007
1022
1023
1031
1050
1052
4598
1060
1069
1071
1089
1090
1095
1109
1111
1117
1118
1129
1135
1142
1151
1152
1153
1155
1158
1159
1163
1166
1168
1172
3156
1175
1176
1194
1197
1212
1214
1221
1225
1230
1236
1239
1240
1249
1253
1271
1277
1285
1288
1296
1297
1304
1305
1323
1327
1328
1333
1341
1345
1362
1363
1371
1376
1379
1382
1388
1390
1392
1414
1421
1422
1442
1445
1446
1452
1467
1473
1480
1484
1498
1499
1505
1529
1544
1547
1548
593
1551
1555
1566
1597
1599
1610
1617
1625
1646
1652
1670
1671
1675
1701
1725
1732
1734
1740
1747
1754
1758
1761
1764
1766
1767
1770
1777
1781
1782
1784
1797
1806
1848
1808
1810
1814
1833
1851
1856
1857
1859
1860
1871
1874
1875
1876
1882
1899
1901
1902
1918
1924
1925
1936
1938
1939
1942
1956
1959
1968
1969
1970
1972
1975
2401
1987
1991
1998
2015
2027
2048
2049
2066
2084
2085
2087
2100
2107
2109
2111
2114
2118
2119
2122
2124
2129
2131
2132
2134
2136
2146
2150
2160
2168
2170
2173
2189
2207
2208
2209
2216
2225
2237
2240
2250
2255
2259
2266
2274
2276
2290
2296
2297
2306
2308
2310
2315
2319
2354
2356
2357
2365
2367
2376
2379
2390
2402
2403
2415
2419
2422
2424
2437
2438
2444
2446
2460
2461
2472
2485
2493
2494
2517
2519
2520
2531
2569
2575
2580
2582
2607
2618
2622
2623
2627
2639
2653
2659
2677
2678
2684
2687
2689
2693
2694
2702
2714
2715
2736
2750
2752
2753
2754
2755
2761
2770
2789
2793
2803
2809
2813
2823
2826
2832
2834
2848
2849
2851
2859
2864
2873
2878
2901
2906
2907
2912
2914
2924
2927
2930
2935
2940
2943
2951
2971
2996
2997
2999
3001
3017
3018
3019
3021
3037
3039
3042
3044
3045
3054
3063
3064
3089
3096
3104
3105
3122
3132
3133
3137
3139
3140
3141
3145
3148
3153
3161
3164
3168
3174
3179
3205
3211
3213
3217
3237
3241
3248
3256
3258
3265
3266
3288
3303
3311
3316
3340
965
3344
3345
3354
3356
3368
3369
3375
3376
3394
3404
3429
3442
3443
3449
3461
3471
3472
3473
3478
3485
3499
3501
3509
3513
3518
3521
588
3525
3528
3529
3537
3546
3570
3592
3594
3597
3604
3606
3619
3625
3631
3632
3658
3661
3665
3677
3685
3687
3696
3701
3706
3728
3729
3734
3737
3742
3743
3755
3768
740
3779
3782
3786
3795
3804
3811
3817
3829
3836
3852
3858
3868
3869
3871
3874
3877
3879
3883
3885
3887
3889
3892
3894
3899
3902
3905
3917
3928
3936
4510
3938
3944
3947
3950
3953
3966
3967
3968
3973
3974
3995
3997
4002
4009
4010
4025
4033
4048
4049
4051
4071
4073
4078
4080
4081
4105
4112
4113
4126
4142
4150
4154
4169
4170
4171
4176
4191
4210
4211
4212
4217
4224
4230
4242
4249
4252
4253
4256
4260
4266
4267
4286
1605
4292
4295
4303
4307
4309
4313
4336
4340
4345
4349
4354
4357
1335
4370
4376
4383
4388
4404
4407
4411
4412
4421
4422
4437
4445
4452
4453
4465
4473
4505
4507
4508
4514
4521
4525
4533
4539
4549
4565
4567
4584
4612
4613
4623
4634
4637
4657
2534
4662
4666
4673
4674
4691
4701
4710
4712
4721
4725
4730
4731
4741
4755
4760
4761
4762
4765
4771
4774
4794
4827
2121
4829
4831
4836
4847
4855
4858
4861
4865
4877
4883
4884
4888
4892
4897
4902
4904
4906
4912
4937
4938
4942
4950
4951
4967
4969
4972
4987
4988
4990
4991
4998
4
13
14
36
37
45
48
49
57
61
68
71
78
85
86
97
98
103
108
110
116
119
122
124
135
136
139
140
141
144
147
150
155
157
161
163
171
865
173
174
177
180
181
184
1025
189
199
202
203
205
206
211
212
223
226
236
239
249
255
256
260
261
263
274
276
286
288
292
296
298
303
308
312
319
2265
325
328
336
342
350
351
355
359
3098
365
369
372
384
387
390
392
395
399
401
409
414
416
417
425
431
433
438
444
457
464
468
471
474
482
486
496
498
501
507
510
511
514
520
523
533
534
542
544
559
561
573
580
584
590
595
597
600
601
607
610
615
616
622
625
628
629
639
645
647
657
658
659
671
675
679
683
695
701
707
711
734
735
738
756
759
761
769
770
772
782
784
785
792
806
811
816
821
822
825
826
836
837
844
845
848
853
857
859
863
867
874
881
884
901
904
907
908
911
913
914
915
916
926
928
932
935
939
940
945
947
949
950
955
957
959
963
964
979
986
1004
1011
1012
1013
1020
1021
1027
1034
1040
1042
1045
1054
1065
1075
1079
1093
1099
1100
1115
1123
1126
1128
1130
1132
1140
1141
1143
1145
1146
1161
1162
1182
1183
1188
2856
1191
1196
1204
1205
1206
1215
1226
1229
1231
1235
1250
1251
1259
1264
1270
1272
1273
1279
1281
1287
1299
1300
1301
1306
1307
1311
1314
1315
1317
1330
1332
1336
1342
1343
1351
1354
1356
1357
1359
1361
1365
1368
1372
1375
1385
1386
1395
1401
1409
1411
1413
1415
1426
1429
1432
1434
1438
1439
1443
1451
1456
1457
1460
1461
1463
1464
1474
1477
1493
1495
1501
1502
1503
1508
1510
1511
1521
1524
1525
1533
1536
1540
1542
1545
1554
4024
1556
1558
1560
1579
1581
1584
1589
1590
1593
3578
1594
1598
1606
1633
1638
1641
1644
1645
3611
1649
1650
1651
1656
1658
1661
1662
1664
1665
3882
1669
1672
1673
1676
1677
1678
1685
1686
2533
1688
1689
1712
1714
1715
1723
1727
1737
1739
1743
1749
1753
1757
1760
1763
1765
1769
1771
1773
1774
1775
1792
1794
1795
1799
1809
1811
1817
1822
1823
1824
1826
3082
1834
1838
1840
1841
1842
1849
1850
1853
1854
1863
1869
1878
1879
1880
1883
1888
1898
1911
3151
1914
1932
1934
1935
1937
1940
1944
1947
1949
1958
1960
1962
1965
1966
1971
1976
1981
1982
1984
1986
1988
1989
1993
1997
1999
2001
2002
2009
2017
2019
2021
2022
2025
2028
2030
2033
2040
2046
2053
2058
2063
2069
2071
2075
2079
2080
2086
2090
2093
2094
2095
2096
2104
2105
2106
2112
2116
2125
2127
2128
2130
2133
2137
2142
2157
2158
2163
2165
2166
2176
2181
2183
2190
2192
2199
2206
2215
2222
4291
2227
2228
2233
2234
2238
4306
4488
2243
2245
2246
2247
2257
2262
2268
2269
2271
2287
2342
2288
2293
2299
2300
2302
2305
2309
2311
2314
2317
2321
2329
2330
2335
2339
2340
2343
2344
2346
2348
2358
2360
2371
2372
2373
2374
2378
2384
2389
2391
2394
2399
2405
2406
2441
2442
2450
2451
2452
2454
2458
2465
2469
2475
2479
2481
2484
2486
2495
2663
2497
2498
2501
2502
2506
2508
2514
2515
4542
2521
2524
2537
2539
2548
4384
2550
2553
2555
2561
2564
2572
2576
2577
2586
2587
2592
2596
2598
2603
2608
2609
3735
2610
2617
2620
2626
2629
2630
2637
2638
2641
2645
2649
2650
4628
2658
2660
2662
2667
2669
2673
2695
2705
2707
2710
2713
2717
2722
2731
2732
2735
2742
2744
2746
2749
2756
2759
2760
2762
2772
2773
2776
2783
2784
2796
2805
2806
2807
3601
2808
2812
2814
2815
2817
2819
2821
2835
2840
2844
2845
2850
2854
2858
2861
2867
2868
2880
2887
2888
2890
2891
2893
2895
2908
2915
2917
2920
2923
2929
2938
2939
2946
2954
2955
2956
2960
2976
2979
2982
2987
2988
2992
2993
2995
3005
3007
3009
3015
3016
3022
3023
3035
3038
3040
3041
3043
3049
3052
3057
3061
3062
3069
3072
3073
3078
3088
3091
4928
3102
3111
3113
3114
3117
3124
3128
3129
3130
3131
3150
3162
3163
3166
3167
3169
3170
46
3171
3172
3180
3182
3190
3191
3296
3192
3193
3196
3201
3204
3206
3221
3224
3232
3239
3243
3245
3255
3261
3270
3273
3275
3280
3287
3289
3291
3292
3297
3299
3301
3302
3304
3306
3307
3310
3313
3315
3317
3321
710
3325
3330
3332
3334
3335
3336
3338
3349
3352
3353
3360
3361
3364
3365
3366
3372
3381
3386
3389
3395
3401
3402
3405
3407
3410
3415
3417
3424
3426
3428
3444
3445
1485
3448
3453
3463
3467
3468
3470
3474
3483
3486
3487
3493
3495
3496
3500
3517
3519
3524
3547
3548
3556
3560
3566
3571
3582
3727
3586
3593
3598
3599
3602
3603
3610
3612
3613
3616
3620
3624
3635
3638
3640
3646
3651
3653
3659
3660
3662
3663
4215
3664
3668
3672
3673
3675
3681
3683
3688
3697
3699
3700
3704
3708
3713
3724
3726
3730
3731
3732
3741
3746
3747
3757
3772
3784
3799
3803
3815
3816
3822
3830
3834
3837
3840
3841
3842
3843
3844
3847
3853
3854
3860
3865
3942
3870
3890
3896
3900
3904
3908
3909
3910
3922
3926
3927
3933
3935
3940
3946
3954
3956
3957
3960
3961
3970
3972
3980
3998
4005
4006
4013
4020
4028
4030
1078
4053
4057
4079
4083
4084
4085
4086
4091
4094
4096
4107
4111
4115
4116
4119
4128
4130
4134
4140
4146
4149
4151
4152
4155
4159
4168
4172
4177
4179
4183
4188
4472
4192
4200
4201
4202
4203
4205
4208
4214
4222
535
4225
4227
4231
4244
4245
4248
4251
4257
4262
4268
4269
4270
4274
4276
4278
4287
4290
4293
4298
4301
4304
4305
4310
4316
4323
4327
4329
4330
4334
4335
4344
4352
4359
4367
4368
4369
4372
4379
4381
4386
4390
4403
126
4406
4408
4415
4416
4420
4427
4432
4433
4435
4443
4446
4448
4449
4455
4459
4462
4470
4474
4483
4492
4494
4497
4502
4503
4509
4516
4524
4527
4529
4530
4532
4538
4541
4544
4546
4550
4555
4558
4572
4573
4585
4592
4595
4597
4599
4605
4606
4609
4611
4615
4620
4624
4630
4631
4633
4636
4641
4642
4646
4647
4650
4651
4660
4669
4670
4672
4679
4680
4682
4684
4686
4698
4703
4707
4708
4716
4724
4726
4728
4732
4733
4739
4743
4766
4773
4782
4785
4788
4792
4793
4797
4799
4802
4803
4806
4808
4811
4816
4819
4824
4825
4826
4832
4837
4838
4843
4844
4846
4850
132
4852
4862
4866
4880
4882
4886
4890
4893
4894
4895
4898
4900
4905
4917
4919
4920
4921
4924
4925
4926
4931
4933
4939
4945
4949
4952
4956
4962
4963
4968
4977
4989
4994
3
5
10
12
15
22
25
69
26
29
31
32
33
39
44
2843
52
56
62
64
548
65
72
73
76
77
80
81
87
88
91
92
93
94
95
109
112
113
118
125
137
152
156
160
185
186
187
192
193
195
196
200
213
214
215
2457
216
221
230
241
244
247
333
248
254
258
262
264
268
269
2270
275
280
282
297
300
301
306
307
314
315
317
330
335
339
357
360
361
362
364
1891
373
380
388
396
397
408
2180
410
411
1173
415
419
421
423
429
430
432
435
436
437
443
446
455
1570
456
460
466
467
470
473
475
479
483
489
491
495
497
499
508
2696
509
515
519
521
524
526
529
531
538
539
540
546
549
550
566
568
570
574
575
578
579
591
594
599
603
604
608
609
618
620
650
655
661
662
668
673
676
682
684
686
687
688
691
694
699
705
715
719
721
724
725
727
729
731
737
748
751
760
771
787
799
801
804
805
818
2913
819
824
827
828
833
842
858
861
862
864
871
875
878
882
883
885
886
887
891
892
894
897
906
917
918
922
925
927
929
933
942
944
956
960
967
968
971
972
987
988
990
1374
994
2800
995
996
998
1001
1006
1008
2345
1009
1014
1026
1029
1048
1049
1058
1059
1061
1062
1073
1074
1084
1088
1096
1101
1102
1103
1106
1107
1108
1112
1114
1120
1124
1137
1147
1149
1156
1164
1165
1169
1170
1174
1178
1180
1184
1198
1208
1213
3320
1224
1227
1232
1233
1243
1244
1246
1258
1261
1262
1263
1266
1267
1269
1274
1278
1283
1286
1289
1292
1295
1530
1318
1325
1329
1344
1352
1353
1366
1369
1373
1377
1381
1383
1391
1397
1398
1402
1403
1412
3975
1416
1417
1418
1419
1424
1425
1428
1430
1431
1437
1447
1450
3403
1455
1472
1481
1482
1490
1492
1494
1680
1497
1504
1506
1513
1517
1527
1528
1531
1534
1535
1538
1541
1543
1549
1552
1553
1559
1563
1564
1568
3574
1569
1572
1573
1585
1588
1592
1596
1602
1603
1604
1609
1613
1616
1619
1621
1627
1628
1635
1637
1642
1654
1657
1660
1668
1683
1692
1693
1696
1697
1700
1707
1709
1710
1720
1721
1722
1724
1728
1729
1731
1736
1744
1745
1755
1756
1772
1776
1786
1789
1790
1801
1805
1807
1815
1816
1821
1831
3810
1835
1837
1844
1845
1847
1855
1858
3698
1861
1865
1866
1867
1872
1886
1892
1894
1895
1900
1904
1910
1922
1926
1927
1931
1943
1946
4995
1950
1951
1955
1957
4314
1961
1964
1974
1977
1978
1979
1980
1995
1996
2005
2011
2012
2013
99
2014
2023
2024
2029
2031
2032
2034
2038
2045
2047
2050
2052
2054
2055
2056
2059
2060
2061
2064
2065
2078
2082
2083
2088
2091
2092
2099
2101
2103
2108
2113
2123
2139
2148
2149
2153
2169
2171
2177
2193
2194
2195
2198
2202
2203
2205
2210
2217
2218
2220
2224
2235
2236
2239
2774
4302
2244
2253
2254
2263
2272
2273
2280
2291
2301
2303
3780
2312
2316
2323
2328
2331
2336
2337
2361
2375
2377
2380
2381
2383
2385
2393
2398
2400
2404
2408
2409
2410
2411
2413
2414
2417
2418
2421
2425
2427
2432
2433
2434
2435
2439
2440
2447
4692
2455
2459
2464
2468
2471
2473
2474
2476
2478
2480
2487
2488
2490
2492
2499
2503
2509
2512
815
2513
2522
2525
2526
2536
2538
2541
2542
2543
2544
2545
2547
632
2551
2552
2554
2556
2563
2565
2571
2579
2589
2591
2600
2613
2615
2616
2634
2635
3418
2647
2661
2664
2665
2671
2675
2676
2680
2681
2682
2697
2704
2708
2716
2719
2721
378
2727
2729
2751
2757
2758
2763
2765
2766
2767
4182
2769
2778
2782
2786
2788
2791
2799
2802
2816
2820
2825
2827
2830
2839
2842
3339
2847
2853
2860
2865
2870
2875
2876
2879
2882
2883
2885
2894
2896
2897
2904
2925
2932
2936
2945
2950
2958
2963
2966
2967
2970
2975
2977
2978
2981
3177
2984
2990
3002
3003
3008
3012
3026
3027
3036
3046
3050
3053
3056
3059
3067
3070
3071
3076
3077
3079
3081
3087
3090
3092
3093
3094
3095
3099
3100
3101
3107
3108
3116
3119
3120
3125
3134
3136
3143
581
3146
3147
3149
4193
3157
3159
3160
898
3173
3178
3181
3187
3195
3197
3199
3207
3219
3223
3227
3242
3247
3249
3250
3251
3264
4318
3267
3272
3276
3278
3279
3281
3282
3285
3286
3294
3295
3300
3328
3329
3348
3351
3359
3367
3373
3377
3380
3390
3392
3398
3408
3412
3416
3419
3421
3431
3432
3434
3435
3438
3440
3441
3446
3450
3451
3452
3454
3455
3457
3459
3460
3469
3479
3482
3489
3491
3494
3498
3503
3504
3507
3512
3514
3522
3523
3527
3531
3533
3534
3539
3540
3549
685
3552
3554
3555
3558
3561
3565
3567
3569
3575
3583
3585
3600
3605
3608
3609
3622
3628
3633
3642
3643
3644
3649
3650
3654
3657
3666
3679
3682
3686
3689
3691
3693
3694
3710
3715
3716
3721
3723
3725
3739
3744
3745
3750
3752
3753
3758
3760
3762
2500
3767
3771
3783
3785
3788
3792
3798
3800
3802
3805
3808
3809
3812
3813
3814
3820
3823
3831
3835
3838
3845
3849
3850
3857
3862
3864
3866
3872
3873
3875
3876
3880
3881
3895
3903
3912
3914
3916
2570
3920
3934
3939
3941
3959
3963
3969
4337
3971
3978
3983
3984
3991
4007
4011
4012
4015
4016
4017
347
4019
4523
4021
4032
4034
4035
4038
4044
4045
4047
4050
4054
4060
4061
4065
4067
4070
4072
4074
4077
4750
4082
4087
4097
4100
4101
4103
4106
4108
4109
4110
4118
4121
4122
4125
4131
4138
4139
4143
4144
4147
4153
4158
4163
4166
4174
4178
4180
4189
4190
4194
4195
4197
4199
4204
4206
4207
4209
4213
4216
4220
4223
4232
4233
4236
4237
4239
4241
4246
4255
4258
4264
4272
4273
2530
4277
4283
4294
4315
4321
4325
4326
4328
4331
4338
4341
4343
4356
4361
4362
4366
4374
4385
289
4387
4393
4396
4399
4402
4405
4409
4417
4418
4419
4424
4429
4430
4434
4436
4442
4456
4458
4460
4461
4475
4484
4490
4495
4501
4504
4512
4513
4526
4534
4536
4545
4553
4560
4561
4563
4574
4589
4590
4591
4603
4616
4653
4659
4668
4671
4678
4683
4694
3579
4700
4705
4727
4729
4735
4736
4737
4738
4740
4744
4746
4747
2965
4749
4753
4756
4757
4758
4759
4768
4769
4779
4783
4784
4787
4790
4798
4821
4833
4845
4851
4854
4859
4863
4870
4872
4873
4875
4887
4889
4891
4913
4914
4915
4929
4934
4941
4943
4953
4958
4961
4964
4973
4983
4985
4992
4996
4997
3756
9
11
17
24
34
35
41
47
50
74
79
83
90
101
106
107
115
120
128
131
166
169
188
191
197
2683
209
219
227
231
237
245
246
250
252
265
271
277
278
294
295
299
311
316
321
326
329
332
348
363
374
937
377
379
385
389
393
402
403
405
412
413
418
420
434
4600
449
459
461
462
476
478
503
512
518
525
530
532
536
543
552
554
556
557
560
565
571
585
589
602
611
613
614
624
626
627
630
631
638
640
641
643
644
649
654
663
678
689
690
2018
693
1681
706
713
714
2141
718
720
723
728
730
733
736
742
744
941
4308
749
753
757
763
774
1674
776
3948
778
790
793
798
800
813
820
830
4167
839
840
843
847
850
866
868
869
880
888
893
895
896
903
909
912
919
920
924
934
936
943
951
952
958
961
962
974
975
977
981
982
997
999
1000
1002
1003
1017
1030
1032
1035
1036
1039
1051
1053
1055
1063
1066
1067
1068
1072
1076
1080
1083
1092
1094
1104
1113
1127
1131
1136
1154
1157
1160
1171
1185
1189
1190
1192
1202
1209
1210
1219
1220
1223
1242
1245
1247
1248
1254
1255
1257
1275
1290
1293
1298
1308
765
1310
1313
1316
1322
1331
1334
1337
1338
1350
1355
1358
1384
1393
1399
1404
1423
1433
1436
1440
1444
1448
1465
1468
1469
1470
1471
1478
4520
1479
1483
1496
1500
4360
1509
1512
1515
1519
1520
1526
1550
517
1557
1562
1567
1574
1576
1577
1580
1582
1587
1614
1615
1618
1622
1624
1629
1631
1632
1639
1647
4569
1648
1655
1667
1684
1687
1691
1699
1705
1708
1711
1719
1735
1738
1750
1759
1783
1785
1793
1800
1802
1803
1813
1819
1820
1828
1839
1843
1862
2740
1868
1870
1873
1877
1881
1884
1889
1897
1903
1906
1909
1913
1920
1923
1929
1933
1945
4675
1954
1963
1973
1983
1985
1990
1994
2000
2003
2006
2016
2026
2035
2037
2041
2043
2044
2051
2057
2062
4638
2068
2072
2077
2081
2089
2097
2102
2115
2120
2143
2144
2151
2152
2738
2156
2162
2164
2167
2172
2174
2175
2182
2184
2191
2200
653
2212
2214
2223
2226
2230
2251
2256
2258
2264
2284
2289
2292
2304
2313
2318
2320
2325
2326
2327
2333
2338
2347
2350
2353
2359
2364
698
2366
2382
2387
2388
2420
2426
2567
2428
2430
2436
2462
775
2477
2483
2491
2496
2511
2516
1148
2518
2527
2529
2532
2535
2546
2549
2557
2559
2573
2581
2583
2593
2594
2602
2605
2606
4807
2612
2624
2625
2628
2631
2633
2636
4979
2640
2651
2655
2668
2672
2679
4840
2691
2698
2701
2718
2720
2723
2724
2737
2739
2741
2743
3384
2745
2768
2771
2775
2781
2785
2787
2790
2797
2798
2801
2810
2831
2833
2836
2846
2852
2855
2863
2866
2871
2886
2889
2899
2900
2903
2911
2918
2919
2921
1462
2926
2931
2941
2942
2947
2948
2952
2953
2959
2980
2991
3006
3010
3011
3020
279
3024
3028
3030
3034
3048
3051
3055
3058
3065
3066
3068
3083
3085
3086
3106
3322
3112
3115
3127
3152
3155
3183
3186
3188
3202
3208
3209
3210
3214
3220
3222
3228
3229
3230
3231
3234
3236
3238
3252
3257
4173
3259
3385
3263
3268
3284
3293
3298
3305
3314
3319
3324
3331
3337
3358
3370
3379
3383
3397
3400
3406
3411
3413
3414
3422
4165
3425
3436
3458
3464
582
3465
3466
3477
3488
3492
3506
3508
3511
3516
3541
3551
3572
2922
3573
3581
3589
3590
3591
3596
3614
3615
3626
3639
3648
3655
3667
3674
3676
3690
3702
2221
3703
3711
3712
3714
3717
3722
3736
3738
3740
3751
3759
3761
3770
3773
3774
3781
3787
3794
3806
3807
3818
3819
3821
3826
3827
3833
3851
3863
3867
3888
3893
3898
3906
3913
3918
3923
2700
3924
3932
3937
3943
4690
3945
3949
3958
3962
3977
3979
3981
3982
3987
3990
3992
4000
4062
4003
4004
4018
4022
4026
4027
4029
4039
4040
4052
4058
4059
4064
4069
4075
4088
4093
4095
4099
4120
4123
4127
4132
4145
4157
4160
4161
4175
4218
4229
4238
4240
4243
3777
4247
4263
4275
4282
4285
4296
4300
4319
4324
4333
4346
4347
4348
4365
4371
4377
4382
4389
923
4391
4394
4423
4428
1320
596
4440
4441
4444
4463
4464
4469
4476
4478
4485
4486
4487
4491
4500
4511
4515
4528
4535
4540
4557
4559
4562
4571
4577
4578
4856
4579
4582
4586
4587
4593
4596
4601
4602
4604
4610
4506
4618
4621
4629
4632
4643
4644
4654
4661
4663
4676
4681
4687
4697
4702
4709
4715
4717
4719
4722
4742
4764
4767
4770
4777
4786
4800
4801
4804
4805
4809
4812
4817
4823
4828
4834
4839
4841
4842
4860
4871
4874
4878
4879
4885
4910
4923
4927
4930
4936
4944
4946
4970
4974
4975
4978
4980
4982
4986
4993
5000
2
16
1575
19
28
3656
43
51
60
63
84
105
114
121
130
142
149
168
172
178
183
224
225
238
240
251
283
284
304
309
310
323
368
375
376
381
382
383
2135
398
400
406
407
428
439
440
445
450
452
453
1912
458
465
469
485
487
605
494
502
506
513
562
572
587
606
642
652
660
2341
670
700
703
709
739
743
745
746
754
781
795
797
807
1690
810
832
876
889
2466
902
910
976
991
1019
1037
1044
1064
21
1081
1082
1086
1091
1097
1110
1116
1119
1138
1139
1186
1193
1201
1217
1234
1260
1268
1280
1282
2392
1284
1326
1346
1347
1367
1370
1378
1387
1389
1400
1408
1449
1458
1486
1487
1489
3623
1514
1522
1532
1561
1571
1595
4795
1608
1611
1623
1653
1663
1698
1704
1713
1716
1726
1887
1730
1752
1762
1779
1791
1798
1829
1836
1890
1930
1948
1952
2008
2010
3647
2020
2039
4667
2074
2076
2117
2138
2140
4410
2145
2154
2155
2161
2196
2197
2232
2242
2249
3080
2267
2275
2285
2286
2294
2295
2298
2307
2332
2349
2369
2386
2395
2396
2986
2407
2412
2423
2431
2445
2467
2482
2489
2505
2507
2510
2523
2540
1916
2566
2574
2578
2584
2595
2599
2604
2611
2614
2619
2621
2644
669
3719
2646
2648
2657
2670
2674
2686
2699
2703
2709
2712
2726
2733
1578
2794
2795
2804
2824
2828
2829
2838
2841
2857
4311
2862
2872
2874
2877
2902
2905
2909
2937
4156
2944
2961
3824
3439
2962
2969
2972
1360
2973
2974
2985
3013
2334
3014
3025
3031
3047
3118
3142
3154
3198
3212
3225
2711
3226
3240
3244
3254
3269
3271
3277
3308
3309
3318
3326
3327
4981
3342
3343
3347
3350
3357
3362
3378
3409
2934
3427
3430
3437
3776
3462
3505
3510
4046
3515
3520
3526
3530
3532
3536
3542
3545
3553
3559
3563
3568
3576
3588
3617
3618
3630
3634
3637
3641
3652
3670
3680
3695
3705
3718
3720
3754
3763
3764
3766
3769
3778
3789
3791
3797
3801
3839
3846
3856
3859
3897
3901
3907
3921
3931
3951
3976
3158
3985
3988
3989
3993
3999
4001
4008
4023
4043
4055
4063
4068
4089
4092
4104
4135
4136
4148
4185
4186
4187
4196
4219
4221
4228
4279
4280
4281
4299
4312
4320
4322
4332
2692
4339
4358
4363
4373
4375
4392
2898
4395
4397
4400
4426
4431
4438
4447
4450
4451
4466
4903
4468
4477
4479
4482
4489
4518
4531
4547
4554
4576
4580
4625
4626
4635
4645
4649
4656
4658
4664
4665
4688
4689
4695
3790
4696
4704
4711
4713
3952
1778
4548
4714
4718
4734
4748
4752
4754
4772
4778
4780
4789
4791
3607
4796
1077
4810
4820
4822
4830
4835
4848
4849
4853
4864
4881
4899
4907
4909
978
4916
4922
4932
4935
4954
4959
4960
4965
4966
4971
4976
4984
6
20
30
58
104
1294
146
170
234
270
273
741
281
302
340
345
367
371
404
442
451
454
488
505
545
563
564
612
634
664
704
722
750
755
767
802
808
846
849
851
856
877
970
983
992
993
1015
1018
1024
1028
1043
1070
1125
1134
1144
1177
1179
1195
4162
1199
1200
1211
3175
1222
1237
1238
1265
1291
1303
1321
1324
1396
1405
1410
1475
1491
1518
1523
1539
1546
1600
1612
1626
1695
1703
1706
1742
1796
1812
1825
1830
1908
1921
3684
1928
1967
2007
2073
2098
2179
2186
2188
2231
1941
2252
2260
2277
2281
2416
2429
2449
2528
2558
2652
2656
2666
2725
2734
2748
2764
2780
2818
2881
2892
547
2933
2949
2957
2968
2998
3004
42
3029
3075
3084
3121
4066
3165
3176
3216
3262
3290
3312
3355
3363
3388
3420
3476
3484
3502
3538
3543
3550
3557
3564
3577
3584
3595
3629
3678
3749
3796
3825
3855
3861
3886
3891
3915
3919
3930
3955
3994
3996
4041
4042
4056
4098
4102
4124
4137
4141
4164
4181
4198
4254
4261
4265
4271
4284
4297
4351
4378
4401
4414
4425
4454
4457
4467
4471
4481
4493
4496
4499
4543
4551
4588
4594
1420
4608
4648
4652
4677
4685
4720
4751
4781
4815
4818
4869
4876
4940
4948
53
55
194
198
272
313
346
424
426
427
441
463
651
697
726
768
773
777
780
788
905
1010
1033
1038
1056
1167
1228
1252
1319
1394
1427
1453
1488
1507
1537
1586
1591
1780
1818
1832
1846
1907
2004
2042
2110
2185
2201
2278
2279
2283
2448
2456
2504
2560
2590
2597
2632
2792
2811
2964
2994
3074
3103
3110
3135
3184
3215
3233
3283
3371
3374
1150
3387
3587
3621
3627
3671
3692
3707
3911
4014
4037
4129
4226
4234
4288
4398
4517
4522
4556
4564
4619
4640
4655
4745
4775
4813
4867
59
159
175
324
394
448
551
558
931
1016
1087
1105
1276
1302
1349
1380
1435
1718
4114
1919
1953
2229
2588
2884
3323
3346
3433
3929
4235
4317
4706
4814
1516
2067
2370
2777
3123
3382
3423
4699
4857
4908
4999
4918
1085
1634
4289
