11110400
1736
2902
4259
1491
2602
3303
2144
2427
2671
4941
1687
2566
2906
1325
304
132
4716
2889
3978
2542
1977
1632
28
267
3659
982
4952
3028
66
4368
4286
2690
3822
106
1963
2631
2628
1664
2753
867
1711
1693
691
3946
4232
4220
2377
1406
3225
3419
4558
4523
4865
4334
1563
3870
4098
2568
2689
3300
3664
3782
3492
3265
4343
782
1287
3600
446
2873
2878
1252
984
3035
1828
4873
1099
3735
3603
505
1339
3440
2440
4844
4928
2504
2366
2908
2112
603
4418
2347
4701
1183
2909
1598
2629
169
4415
3064
4840
3021
4857
3193
721
190
4499
923
1848
1270
268
3226
384
4514
1797
2803
3609
830
4624
4587
2800
4110
627
3323
3093
558
4896
1968
4821
942
3277
3084
1583
1559
859
2311
593
2752
3893
2402
3662
480
2329
4346
4376
259
4792
4632
582
49
1053
3172
2152
1920
4132
3620
2031
4362
1714
4191
4143
3577
1330
1093
4715
415
3063
673
2996
4029
3106
2465
4102
664
4109
1284
572
1768
3486
2616
1935
4778
437
2543
129
3280
2313
3686
3944
1777
3240
4377
3866
2009
834
2143
3406
2623
4115
2572
1049
4504
2676
2749
1321
50
2121
2918
849
1446
932
3965
1310
3534
3576
2120
1594
402
1820
4516
3389
334
623
1000
2243
3390
1501
165
84
3100
3885
1605
3762
34
3086
1785
181
1595
3727
2425
3968
4321
2206
3468
283
3243
514
2398
2872
4398
4412
3221
2983
71
2630
688
2969
1606
4735
4062
4732
1377
2718
4340
2023
467
1951
2834
536
4429
1562
887
3149
1589
83
4826
3012
2550
1622
1675
508
3042
2371
2581
2322
962
2154
1046
2665
1070
353
233
2498
139
4929
2441
3753
2962
2019
289
4406
47
3248
3672
4122
2685
1504
1655
1802
2071
3207
1899
3579
110
1734
2865
2847
1226
306
861
2264
4758
1113
3663
121
1122
1431
570
3397
3800
307
3511
1153
3863
432
2617
4698
1375
3787
3274
1008
1211
2233
2083
2864
4357
2493
3667
29
764
1770
3783
1766
3151
3602
1497
3111
4467
2122
742
3150
1331
4898
3032
3953
2337
1178
3426
4486
2989
2830
1544
2099
4601
2273
641
246
1187
3355
2633
2088
926
2158
4832
318
939
1821
4144
1030
2041
3937
1229
4994
3948
2961
4025
2017
4105
2601
2797
4964
1432
4159
3473
4139
3133
872
3780
816
4097
59
104
143
2823
2965
2508
4120
2678
4113
1658
579
677
1852
70
1955
3676
4402
3656
3688
699
2731
4592
4171
145
1050
380
167
4077
166
4158
93
2004
844
1323
1020
4458
4975
3517
798
109
479
1064
3820
4769
3164
485
3587
1439
271
3703
3821
3641
4737
3223
3162
2283
1057
1620
359
2147
2644
1393
4690
4773
3795
159
4183
3947
4573
2036
1089
1983
1103
1832
351
4450
1722
487
4306
2212
2462
308
4024
4750
2862
1127
2097
3751
860
1872
634
2597
2894
4304
1058
1221
1326
2430
1411
125
4922
993
1691
647
1192
176
4123
4221
2594
438
3592
3429
825
2583
588
965
1125
810
3003
4033
3352
1465
356
3718
1096
1063
343
2715
3844
78
1818
4550
1708
3428
1234
1581
3901
1774
3681
2959
4727
4746
1364
2191
1913
4562
4703
291
2251
958
1443
3152
346
4717
2727
494
877
4276
1157
4554
43
3732
3761
3178
2486
4796
815
1171
1366
4678
4190
1697
2500
2290
3966
1219
1043
4272
3297
3307
4162
952
3456
3025
3259
995
3838
1139
3209
597
1890
4226
980
3002
1115
3632
1080
1546
4035
1537
3229
4652
250
320
4008
702
182
4806
2791
1341
892
4791
3080
3476
3286
1723
4196
2900
4676
4235
1324
133
4085
421
2472
920
3200
3678
1151
2852
2256
595
243
4260
240
302
4741
3769
4616
681
4991
3356
4047
2357
2393
2531
1910
3925
3369
2361
937
2582
2229
960
3852
1
3430
1143
2842
3457
2694
453
2530
409
606
4866
2047
2534
2600
927
632
2650
3235
1976
3537
2003
1440
1980
1037
2066
414
2935
1165
3561
3320
3613
2747
644
1068
220
4505
3943
4461
692
3166
3990
3496
1434
2970
14
295
4753
3339
895
81
921
4237
64
2624
586
4441
4609
3826
2748
2679
880
3931
3142
2359
2592
1683
2818
4990
344
4313
836
2033
2208
4490
1779
4337
2096
1604
1665
2699
4391
746
672
1313
1230
3293
2189
2565
1743
2817
4037
1314
3210
2435
3404
1264
2794
828
3582
1901
4582
488
1177
416
1206
4744
3298
4630
3289
1704
88
4294
2646
3434
915
1846
2344
1573
37
2372
4342
801
2907
3988
2730
4549
1740
113
3018
754
2606
4016
4757
3325
832
1784
4726
1650
3078
3373
3836
1361
1626
3143
3785
3294
3488
2951
57
85
4380
1436
4522
3996
4240
2971
4358
1950
888
2195
2142
1480
4686
1776
1292
1001
2406
2524
3436
3733
1609
2299
4867
670
2172
4897
1148
4853
3985
4885
3175
3094
1266
3952
3234
3034
4295
112
4672
1575
4012
3186
2593
675
2494
403
2432
1596
4375
519
1558
4416
4774
4633
1870
1926
3726
4968
1333
693
3067
2186
4421
682
4128
2285
4613
2106
1130
3712
3343
1898
1164
1782
2522
461
1930
3412
2123
1397
4229
3033
857
1370
3829
195
1479
1474
4590
4837
183
1240
799
324
4151
3812
3889
1505
1279
2044
794
245
349
32
2362
3586
776
4433
3029
1066
4636
4442
1275
3913
1679
3087
4691
1772
1147
3634
2053
4333
4611
2519
3730
3499
539
1372
3657
1958
1327
4181
3250
203
4265
1866
3627
471
1217
4586
1376
2342
3752
2673
2349
3051
2205
1101
2419
293
2161
3955
1992
3696
3649
3460
1514
796
2198
4913
2656
3407
4673
1742
4527
2176
82
3601
266
4976
1780
1921
2947
4214
3566
4379
2995
1864
2793
3302
4864
1498
3902
4394
3530
4195
1435
278
2459
1315
1897
862
1699
3548
373
1702
3482
2433
4056
1091
839
2175
4410
2915
2043
1701
4192
4635
4663
4957
4658
4189
4683
1460
4208
3536
4902
4958
3376
2806
3192
26
866
4700
2655
581
2832
2326
3040
4022
4589
3410
827
17
4060
2751
2046
878
2492
3843
16
547
2163
1786
2573
303
2261
2605
18
3464
4470
1450
4222
4042
4953
543
4316
158
1719
1011
4348
4551
4869
1403
388
2332
3908
3085
2649
948
234
909
3421
4645
576
1300
1074
231
2901
4954
3007
4309
3545
2891
734
3865
2378
186
3163
4381
4400
2074
264
1445
1231
4241
4318
2883
3446
3000
1651
470
2612
4762
4552
1258
4239
1269
2994
4911
4079
3772
98
225
2022
1173
4261
4262
404
1233
4972
1111
3830
1696
1447
2577
241
4251
4973
3759
1078
653
314
4819
996
2682
2533
1236
2469
1154
4308
1965
3572
1618
3424
1631
3504
4936
2468
638
1380
4707
277
1649
2297
2553
4320
2540
1716
1396
2734
3191
956
4695
4096
1069
1441
4481
1907
1518
3573
2939
3628
2341
802
1104
3004
4269
425
2013
1253
4023
265
3974
2626
3736
1839
882
1348
3184
1641
4650
2829
1345
3157
3706
3693
659
3336
2645
3618
2932
1916
1248
445
4477
221
2716
4423
1390
3309
136
4488
3431
2499
335
342
4565
2259
215
1335
1579
1663
4485
420
4136
2048
4967
2314
3552
3938
2082
1346
1652
1494
1499
1703
2844
2260
3928
1071
2972
232
1369
4594
4205
4809
418
1438
2981
4761
4176
2913
4892
2119
2287
3013
4020
2546
1853
163
327
4119
2604
1677
3056
3043
3995
3847
3748
3685
4186
3503
4484
2811
171
724
4728
1471
3168
3784
2379
4827
1812
3604
208
393
1917
1383
1308
86
1877
175
2490
4659
3924
4619
4311
2964
4087
340
4766
639
2684
1676
4830
1276
988
4174
329
2339
1748
2334
209
3448
4284
3242
3010
2292
3949
625
1798
1200
2364
2882
1946
1478
94
4293
1256
541
395
3270
916
992
1833
812
2134
1954
1455
1116
2081
3557
3260
4785
3734
1814
3212
4038
2267
1657
2923
728
69
1152
3578
493
769
2076
805
4236
3692
394
2828
2436
750
3132
2609
497
970
524
2448
397
2683
4297
148
1614
272
846
4298
1806
2209
3181
310
4820
957
4006
2743
12
4278
727
2286
2073
4003
4465
3919
1718
2320
1758
549
522
3344
763
2760
2757
285
3907
4971
749
2924
2401
1661
2464
3527
389
4172
1299
4569
444
661
3547
2740
4669
633
270
1358
2952
2438
4797
1506
1400
1167
4978
2240
2980
4393
897
4078
2115
4555
580
2454
3463
4426
3308
3906
337
1966
3962
3815
1752
855
1945
2215
3917
969
4656
501
2058
2589
4117
1085
3167
1107
723
1915
3144
227
1715
3275
4374
4266
3846
666
4360
4788
3411
3705
1023
2812
2735
2421
3146
4440
3900
326
736
3817
3345
3427
1394
1365
2799
3626
705
315
2518
172
3997
981
4076
1016
2874
1220
2987
3445
4355
2485
3487
3637
1193
2976
321
712
213
56
2284
3646
3739
3134
2330
1198
67
484
2476
2713
419
199
4397
1648
1495
3859
961
818
2736
1749
4980
1574
1883
3818
2870
3145
3963
24
1483
235
2133
503
2482
4420
1002
1295
1205
4233
3701
4146
1401
821
605
2327
2706
3927
1035
863
4553
2739
316
905
2386
238
4204
4352
3467
4985
1610
1195
3562
4598
4893
4536
2958
2270
4648
4066
61 1686
2914 642
2880 2892
4184 499
368 2985
124 3372
689 2511
1316 4339
4150 630
2169 1470
188 3321
454 3554
3367 2094
1600 2258
3016 280
4065 757
1227 423
506 3023
1824 4378
963 2049
1739 1775
922 2766
204 4463
819 1868
935 1263
3365 2116
1933 4228
1874 1720
1423 2012
3394 1894
1137 2328
791 2128
184 2933
2851 735
3011 747
3238 2420
2207 1340
407 3708
2510 967
1712 4734
4799 2065
2103 4030
1873 1477
3214 2443
2848 737
126 4846
761 1990
1259 2298
360 3668
2780 3139
481 3542
1842 1260
2580 3350
3595 179
3502 1653
144 3403
236 4121
1006 1059
1857 1979
135 4681
840 3073
1611 4018
1773 4638
2854 219
594 2456
551 2808
2413 1160
1363 2220
256 3858
2982 2827
3418 1892
248 4071
912 1512
1138 2481
1347 4989
2559 537
3253 385
338 3832
687 2262
3484 1674
2544 709
2138 1082
1642 4765
15 3959
1120 2407
3131 118
1188 1862
433 3008
1861 4328
1304 4992
1788 4574
150 3342
325 2785
92 4999
3138 115
998 1092
2079 1110
2837 2942
3539 1565
3348 2153
596 2943
62 1448
566 2776
2702 3266
313 3834
2659 3271
127 4808
2621 889
322 3749
489 3050
1257 2228
218 4279
2457 999
2824 753
3105 2595
563 3324
422 3559
3833 1265
1378 2164
2819 3069
23 3330
77 599
435 2732
1931 1789
879 1662
1889 1349
1180 2303
2563 3171
4273 134
1891 1597
607 3053
460 3680
1356 1793
2118 1094
2648 1190
841 2696
1095 740
1003 2574
700 3261
1228 2390
559 2904
1056 2521
146 4634
2491 3526
4268 201
4212 434
2236 1298
1158 2467
1426 2129
804 2777
1845 2000
2038 1172
4454 4932
770 2663
1755 1355
2376 1168
725 2680
2451 1098
3267 263
3393 2007
628 3291
2967 361
1636 2194
3082 2607
202 4479
2140 1373
2986 491
955 2638
854 3072
3058 2639
2822 987
2389 3631
2520 1288
618 2651
1196 2455
1384 1738
2431 1039
947 1222
517 2896
1350 2380
1028 2373
3215 7
1054 2603
3684 1374
604 2778
2946 910
1543 2316
951 2445
3037 193
1133 2335
1271 244
1557 1590
3387 108
1942 1756
767 2881
1850 4344
4213 428
72 704
3077 312
301 3066
2877 382
3197 424
1682 2159
107 3198
1988 4218
1507 2045
2117 1156
779 3127
584 3112
3206 413
2779 3201
2253 1449
3375 392
2087 4064
3886 941
3405 379
2681 1086
2548 716
4219 348
2246 3779
1974 1197
3115 715
2355 1214
1705 2149
1844 1249
1251 2230
2400 884
1924 1556
1117 2527
492 2717
4141 637
2136 1464
1181 2502
560 3402
557 2692
44 3318
2560 696
282 3335
1754 1725
2248 1454
2744 2937
906 2928
552 3433
2446 1017
4129 2185
591 3295
1985 1627
601 2667
1413 2234
3061 149
2903 381
475 3001
1126 2489
733 2304
347 3070
2517 964
2288 1417
2861 654
1243 2300
1488 2343
2034 1136
2008 1481
332 3315
341 3754
4271 3998
3807 20
1628 1860
3827 1296
1953 1700
3819 4923
2890 369
463 3619
2705 3237
457 3520
1830 1731
2801 774
1710 1746
803 1940
161 4606
174 3806
2052 1613
667 2263
2787 534
1753 1360
1336 2222
902 1634
448 3228
2802 273
2770 574
451 3211
4072 4300
1134 1893
1644 1952
3017 53
701 2450
483 3490
944 1247
2417 3563
2453 3553
788 2652
2700 824
376 3564
2957 542
1018 1012
1695 1757
817 1919
620 2365
1010 2584
1932 1282
2214 1466
708 3257
2660 864
1531 1550
3408 21
777 2235
281 3148
2784 290
284 3789
516 3020
3351 153
953 1218
2596 3338
2920 616
1033 1906
2642 443
2587 668
3124 2523
3120 187
3153 452
2182 3892
1790 1733
1123 2280
4430 3670
785 2199
2999 350
1352 2192
2358 881
711 2257
2444 873
1490 2069
3224 211
2382 1176
336 2988
294 2788
837 1707
936 2763
1075 4370
3110 194
814 2775
2340 1283
237 3119
2975 2836
784 2201
1182 2471
1398 1741
1765 4671
531 2856
1254 2428
51 3055
1526 1995
328 3716
95 2968
1987 1536
2755 781
1114 585
2737 826
3915 940
1603 2242
224 3160
4603 3538
4209 3883
553 2826
230 3165
22 3079
3491 357
1297 2381
4255 288
2408 1332
4263 287
2619 870
42 3942
1026 2391
3316 189
1912 1881
3384 2056
1582 1829
1615 2219
170 4487
2641 868
2955 874
1463 1660
2075 1645
548 3441
3255 523
1119 2501
1668 4742
4427 4935
2124 1083
1007 2608
1819 1286
2742 3230
631 2733
2001 1354
3451 1843
1858 1934
3835 1246
1771 1566
100 3453
1688 1799
1433 2108
651 2405
1727 2125
538 3474
1792 4502
180 3170
38 3599
829 2598
2166 1079
2063 1368
786 2661
1319 2375
4639 3507
3360 58
2898 185
1534 2059
1956 1245
2640 838
412 3232
2418 1062
1060 2051
490 2973
258 3391
1047 2668
1638 2005
4246 4045
729 2350
122 3382
1957 1728
216 3222
3239 528
2756 1027
565 3118
3190 55
2187 1029
2394 1162
883 2688
3500 255
2396 635
1549 2271
3525 1570
1425 2204
512 3478
1169 465
1838 2026
720 2855
811 2113
1072 2578
775 2669
2503 751
2611 3332
2168 1351
1672 1856
1767 4660
1387 2370
228 2893
3531 4795
3038 2767
2627 645
2277 806
1552 1888
1805 2093
911 1516
1100 2356
2868 405
417 2708
1599 1472
820 2768
1044 2360
274 3097
1485 2092
19 3099
1329 2276
1521 1999
116 3019
954 2686
1760 1612
2100 1281
1937 1250
851 2231
1404 2165
1473 2345
2039 4073
2666 1102
2805 994
1077 2509
2484 578
3509 1602
1268 276
2145 991
850 2588
1938 1496
3095 111
3022 744
4464 3781
2693 427
3729 4417
4608 4664
4938 3386
858 2815
1585 1887
2535 3480
686 2954
476 2555
2677 1090
655 2348
1510 1972
2091 1305
3285 123
2150 1041
4292 4457
1131 2547
1837 1831
2789 3128
1787 1317
99 3916
2814 765
296 3083
1528 1986
279 3159
1807 4432
1810 1517
2434 1019
130 3361
1201 2232
4970 3698
555 2786
694 2321
2635 447
2315 1191
3611 4617
1567 1904
2809 717
1640 1402
2353 739
561 2672
2761 778
1524 1997
2050 1646
4202 442
1161 2515
3556 214
1051 2636
1982 1630
1014 2077
333 3044
3721 117
1808 1654
986 2712
4322 3775
500 3024
3158 2463
3388 6
3173 97
1941 1489
646 2990
2838 2911
1353 1801
4093 3951
3543 251
1747 4699
2536 3477
96 3333
2926 2884
3814 1302
730 2032
2807 2307
1420 2130
2177 3934
3030 391
1961 1238
495 2979
2399 901
1617 1462
2653 3273
3154 626
4 3102
3199 4811
4099 745
3975 3993
4566 3976
2162 985
4518 3979
544 2816
1578 1849
1835 1847
1647 4747
2426 1118
2324 917
1391 2289
685 2338
168 3823
2783 410
3331 4740
703 2934
178 3798
1541 1947
4833 3358
1170 2514
3059 2615
1553 1608
1863 1721
4193 473
569 2762
1021 2411
2374 1213
1453 1694
525 2512
3568 4768
1428 2002
1796 1896
1379 2139
2137 1084
4591 4675
2060 1576
192 3299
783 2216
731 2670
4349 3689
2291 898
3347 431
365 2764
1150 2392
4790 3737
253 2876
2506 1294
793 2272
1730 1851
1580 1522
2575 695
257 2782
3048 252
1444 1666
3140 462
2404 1344
89 3233
2921 177
2127 1538
1289 2385
1048 869
3621 1424
2333 755
1764 1823
52 3263
1076 2010
1929 1825
2662 1121
1809 1312
458 2701
4408 3741
1680 1967
2698 583
1362 2174
1803 4447
2223 3862
212 2899
656 2714
1342 2221
436 2916
845 2579
3130 4943
2110 1625
1414 2025
1303 101
261 3362
305 3089
2746 823
298 3334
299 2765
3129 2507
2569 509
918 2887
4142 4567
2774 426
3875 1149
2910 643
2309 1202
758 2241
756 2305
3956 933
1415 2146
713 2447
4571 3594
1174 1943
2157 1493
2927 377
2590 679
2269 1429
847 2239
3194 592
657 4576
3472 4927
1783 1338
3831 4453
2068 1568
1024 1949
375 3252
3585 4738
2813 439
3052 352
155 3849
608 2722
372 3279
3724 1311
3366 2114
1639 1418
27 3065
2070 1322
773 2825
2835 671
4890 4127
2352 1409
3107 732
4250 4521
1067 2015
1629 2028
154 3283
1244 367
1475 1998
2368 3717
2203 966
1175 1902
4112 4347
2539 1232
1025 2537
1619 1875
1879 1717
1572 2042
893 3054
3246 2294
3317 4982
91 3570
613 2922
386 2948
808 3075
1513 2086
4640 3489
3920 4836
2888 398
1357 2317
564 2796
3396 65
4187 482
2513 722
1826 1509
3483 4946
1571 1984
2479 1307
1141 2475
2831 748
48 3575
3773 4330
2758 741
1539 4880
3766 4451
950 2497
1960 1726
370 3304
795 2790
4704 3848
358 2771
899 2089
2295 797
408 3236
440 2897
2323 3422
79 2992
3558 4849
41 3039
1621 1959
3195 35
406 3715
4702 3977
2006 4178
1993 1179
4413 3722
3593 4434
1034 2062
4058 835
2821 3068
3710 4299
1334 2252
102 2963
4730 3461
930 2557
4870 3767
2104 1005
710 2306
4031 4356
1381 1744
1882 1811
54 3922
684 2675
4510 3541
2944 550
649 2720
913 2614
949 2552
1132 2545
1545 1900
3381 4961
1155 1973
640 2725
2132 1520
474 2654
3510 4860
752 3147
743 2254
4696 3982
2769 441
2266 833
1273 2181
3744 4721
4531 3661
1013 2558
2279 938
1535 2319
1540 2020
4086 4215
871 2551
3014 90
813 2625
1112 1994
554 3156
1813 1876
2102 1042
2632 853
1215 1859
4543 3969
4254 4032
1301 2180
1459 1690
3455 4912
4557 3607
196 3290
3269 229
4055 4258
2620 678
2576 3354
2810 247
3204 76
3588 200
2237 3803
4685 3857
2054 1146
3813 4424
31 3614
886 2643
3219 4710
831 2268
2184 1065
4981 3136
1272 2224
2111 1097
1386 2310
3994 4371
1009 2591
2866 959
2474 1015
1159 1867
2772 562
2949 502
4314 4987
114 2917
1203 2449
4540 4054
2664 1108
1800 1689
2586 904
4754 3450
4036 4665
2871 387
1523 2061
1237 1781
1978 1189
36 3954
2674 615
3544 4786
1135 2245
676 2549
526 3180
2107 1199
4752 4537
4731 3459
3179 87
2227 908
2850 399
4409 4207
2724 807
3914 4053
4841 3341
1224 2437
2387 658
3740 4657
4871 3763
1087 2367
1709 1936
3861 4449
4084 4238
3340 2160
2857 648
4386 3874
4771 3764
4403 4107
719 2867
3923 4043
3877 1045
2388 636
2956 138
2978 511
2274 943
3797 4435
3049 156
262 3346
698 2941
3454 1795
286 2845
3 3638
2859 617
1706 2141
2658 609
2167 4021
2792 3121
771 2853
4166 4541
1261 1763
1442 1678
1530 1962
2879 568
75 3359
4177 4049
2346 1242
2833 430
1486 1561
3758 105
532 2707
4535 4040
2470 1038
4798 4301
1328 2281
173 2885
660 2613
2991 354
3380 9
1140 2238
1412 1681
800 2781
3262 498
2795 3098
697 2460
4350 4163
1905 1591
1088 2301
198 3137
1737 1385
2938 545
665 2895
1533 1623
973 2109
3438 4986
2483 792
1106 2296
1128 2336
3633 4720
2488 1306
2369 690
2721 809
896 2188
2478 762
4908 3513
2011 1670
45 3941
2416 619
1519 2078
3660 4431
624 2351
317 3081
1503 2155
1235 2325
3884 4425
1588 2030
1055 2384
1948 1735
3642 4801
1105 2429
1633 1457
1554 1607
4167 4067
4338 3880
1382 2196
4446 4199
1239 1769
4861 3287
4050 4111
2210 977
429 2704
2843 738
1399 2179
8 3635
1555 1928
2997 486
533 2461
4492 3738
197 3284
2064 1343
4103 4118
2014 1437
587 2423
1927 1525
2977 319
3648 152
3231 546
4600 4011
2029 4168
1908 1293
2840 975
2974 766
1532 1548
1815 1732
919 2170
3679 4385
2525 894
680 2960
3747 4353
3371 4674
1337 1750
780 2217
2171 1212
2750 760
1673 1395
2719 520
390 3057
3322 469
2729 790
1500 1981
4966 3481
928 2156
1577 1855
1918 1586
2101 1262
4886 3757
3101 309
2131 1255
4506 4802
366 3026
4654 3555
3196 4838
3268 4697
4027 4326
683 2709
4668 3719
3379 147
3675 4392
4862 3292
3113 300
4369 3876
1508 1551
3810 4203
2634 450
914 2912
4793 3699
1759 1684
2532 1278
3006 477
4950 3383
4677 3881
3437 4993
1392 2265
3983 3989
4507 4772
4135 4075
4108 4267
3898 4581
3177 2452
1388 2354
1036 1895
1989 1142
249 3103
3878 946
2930 614
355 2723
1635 1452
3027 331
4852 3643
4783 3750
4545 4052
1511 2080
3114 292
3574 4519
4517 3673
3529 4907
1836 1834
589 3109
4848 3872
2213 929
4354 3687
3940 4373
3796 4622
4057 4628
459 2687
2697 852
2250 890
4900 3217
4858 4155
4817 3392
4223 4138
323 2759
4439 3713
3896 4243
3005 411
4618 3909
573 2745
3443 1884
4041 4283
3498 4918
4570 3926
3702 120
396 2711
2383 1166
1427 2126
4909 3282
210 3123
2945 513
4708 3494
4165 3912
4044 4641
3746 4253
3125 4956
3090 4984
1996 1456
2858 974
3760 4694
1975 1564
1592 1502
330 2754
3413 374
891 2197
4764 3666
3841 4876
2218 1209
2940 363
3104 205
1724 1791
4396 4210
3516 4845
1939 1492
2886 924
1419 4959
1408 1692
269 3096
275 3161
1911 1290
4948 3116
3203 10
1970 1484
254 4028
4014 4351
3256 4874
4303 4116
997 2415
1713 1922
1854 1223
73 3363
3651 4713
3981 4363
2466 1318
1207 2442
529 2477
530 2473
2839 242
1032 2410
1745 1841
650 2703
3241 191
2244 968
4789 4307
2798 478
2695 567
2526 1280
3871 1194
3425 4530
103 3213
1184 2282
4529 3697
3313 4996
119 3903
3616 4804
4281 4513
1925 1529
2085 1052
164 3009
4473 3755
3310 63
3218 4748
2966 842
1637 2193
1410 2148
4847 3305
504 2905
3639 4532
3417 4642
2529 718
3337 4604
4705 3936
3319 4974
4939 3711
4013 4682
4722 4548
151 3185
4962 3378
3398 4955
4153 4312
4216 3853
3791 4329
3306 206
4010 3970
4895 3743
401 3041
4631 3605
3939 4015
2505 556
2225 1458
2496 990
1923 1584
2018 1285
4763 3444
1405 2095
2846 662
945 2710
4445 4201
611 2397
4934 3395
1163 1971
1659 1817
3551 4781
3091 464
3935 4039
4863 3247
4399 3842
4729 4544
3987 4693
4930 3169
1515 2024
1416 2016
1267 2412
1827 1871
3745 4455
4063 4621
3326 4965
3328 4751
4588 4712
2040 1421
4743 3691
1944 1216
3519 4475
345 3036
4997 3640
535 3174
2312 772
46 3074
3296 4822
1560 1587
4476 4009
3244 2
4647 4001
25 3076
3669 4512
3523 4888
714 2875
1359 2178
3176 222
2403 876
3709 4679
4327 4979
4578 3972
40 3583
4495 4816
3031 383
3629 4515
4850 3645
4170 4068
1145 2308
1914 1762
3183 68
4007 843
2804 1022
217 3793
1527 1991
3596 162
4460 4931
4921 3532
3802 4556
3933 4812
3960 4405
4736 3449
4596 3855
128 3549
507 2953
1144 2395
768 2293
2554 706
4002 4359
4899 3220
2647 663
2863 571
4459 3786
4387 4234
4749 3890
3770 4583
4296 4428
4366 4290
3565 4462
4625 4662
1593 1880
3497 311
1186 1878
4493 4126
2458 1040
2599 472
3047 157
2950 371
3374 33
4478 4161
3636 4538
2849 449
3327 466
527 2480
3540 4881
4092 4211
4331 3728
4878 3591
2255 976
3682 4800
3205 4777
2055 1208
3409 378
3475 364
2363 3731
4924 3471
3117 652
1309 1804
207 3254
3867 4130
4188 4157
4851 3864
4709 4599
4448 3804
496 2936
4152 4074
3725 4497
4945 3126
4824 3879
1816 1624
3647 4526
4597 3851
4916 3272
4559 4034
4776 4414
3869 4855
2183 1073
2741 575
3768 4666
621 2998
4775 4472
4469 4182
4059 4315
3805 4317
4933 3141
4651 3984
30 3045
4891 4090
787 2278
3957 3999
4274 4242
4919 3508
3589 4813
4061 4248
4019 4335
3610 4667
972 2622
4944 4083
1031 2414
2331 1185
4088 4288
3227 74
3615 4856
1869 1482
2090 1643
2424 610
4854 3809
759 2919
3251 13
456 2984
2084 1081
1407 2247
3581 4438
4106 4593
4217 4145
4185 4026
674 2561
4004 4689
3465 4904
2637 612
226 3182
1422 1698
4384 4244
2738 1061
3377 4653
865 2564
2027 1277
2516 1291
4661 3479
1367 2173
4404 4104
3840 4894
4767 3423
4482 4137
856 2226
3882 4612
142 3414
4615 3765
1865 1487
3062 140
4528 3514
3046 160
3435 4491
2993 468
4745 3671
4810 3658
4542 3612
3971 4230
4091 4101
223 3187
2105 1204
3771 4336
2057 1371
4382 4160
4147 3945
4951 4051
2657 629
4524 4082
903 2726
4995 3665
1885 1794
3921 4456
4561 3980
137 3349
2538 925
4706 3505
2562 515
4372 4249
4585 3899
3683 4365
3458 4906
521 2869
3312 60
4829 3650
4814 4257
3071 239
885 2098
577 2556
3655 131
3776 4247
4872 3597
1109 2422
4270 3808
4539 3625
3598 1468
4466 4017
4884 3567
3281 4823
1729 1903
2571 3415
669 2570
989 2487
3466 4963
4988 3469
3816 4969
4547 3653
362 3060
931 2585
3368 4692
3929 4825
1886 1451
3189 4937
3622 4577
4361 4291
602 2409
4839 3357
540 2929
4345 4324
4564 4725
3288 4623
1476 2135
1964 1616
4468 3777
4805 3887
4949 3108
4779 3311
4977 4048
4947 3122
3550 4533
3677 4711
4436 3824
900 2067
3891 4395
4275 4520
3546 4782
1822 1274
3860 4868
3216 4756
4610 3623
3825 4511
848 2820
3856 4875
4498 3630
1461 1685
1467 1671
3792 4437
4140 4584
1241 2439
3301 80
2190 979
3512 4489
4332 4407
1761 1569
1778 1751
4605 3774
39 3584
1969 1601
3276 4670
4264 3828
4842 3314
4643 3506
2200 983
3015 400
4903 3571
3854 4149
4723 3799
2202 971
4828 3432
141 3850
4684 3873
822 2618
4227 339
4637 4602
2211 978
707 2318
4905 3720
1124 2275
2841 455
3470 4942
4452 3654
3399 4563
3385 4960
3533 4883
4503 3606
1656 1909
1129 2249
4626 3617
3837 4917
4882 3245
1542 4794
3155 622
4069 3964
3569 4818
3521 4831
4687 3694
4500 3707
3778 4443
2072 1320
4680 3714
3991 4341
4148 4070
4388 4124
2021 1669
3932 4411
3700 4480
4245 4280
2035 1210
4998 3353
4739 3420
2931 590
4224 3839
3961 4383
3992 3986
3524 4568
1004 2610
260 3135
4509 4005
4614 3501
3264 4835
3439 4629
3528 4546
4367 4256
4501 4807
4627 3608
3249 4925
3950 4784
518 2541
2860 598
3794 4575
3495 4579
3202 11
1225 1840
4755 3790
3695 4319
3447 4983
4879 3624
3868 4252
4277 4175
3930 4419
726 2925
4285 4169
4494 4089
4940 3522
5000 3092
3452 4607
4474 3644
789 2151
4534 4100
4910 3401
4310 3895
4046 4114
4560 3652
3723 4733
3811 4305
4914 3535
4000 4194
4718 3845
2728 510
934 2495
3278 4834
3518 4843
4815 3674
2691 600
5 3088
3910 4081
4094 4620
4471 4180
3958 4444
4655 3493
4156 4302
4780 4389
4173 3904
875 2528
4282 4508
4080 4289
4483 3704
4095 4287
3258 4859
3742 4401
4644 3560
4133 4225
3370 4688
3788 4646
4154 4200
4724 3485
4134 4206
4760 3364
4787 4364
297 2773
4131 4231
4390 3801
3888 4595
3416 4920
1469 1667
3967 4422
4496 4125
3973 4198
4887 3515
4323 3905
4901 3208
4915 3188
4649 3756
3580 4877
4714 3894
4719 3442
2567 907
4179 4525
1389 2302
4325 3897
4164 4197
2037 1430
4803 3400
3690 4759
4770 3329
4926 3462
3918 4572
4889 3590
3911 4580
