43808266
432
5902
1296
7370
191
6716
9284
1042
8676
787
9495
2510
8218
91
81
129
1025
263
8969
9121
9087
35
269
1377
1774
198
1886
4459
826
7442
405
61
1754
2271
1026
2999
6719
8736
1147
1199
1498
6932
172
861
2140
1047
9254
1170
2299
740
2218
6399
9797
1696
7009
2671
6472
6550
6724
4125
769
1419
1511
2334
6956
2403
7765
4269
8225
1376
3794
1169
4044
3078
1362
6051
6303
3039
6324
3262
6045
512
1614
7921
2211
4567
1670
32
338
1830
2265
3264
6682
1894
1052
1686
4640
9550
5110
7723
2770
1800
1581
5819
6978
8654
2432
2476
1387
1532
7963
1931
425
8592
4769
1743
5599
6651
4489
1155
3597
5875
1394
3688
8657
2311
2515
1691
7596
3961
7203
9056
1392
2032
6394
3437
1689
1623
4252
2740
1930
2978
6603
2539
5262
9343
4282
3381
4892
6623
592
1636
3746
3226
5056
3299
3759
3811
5432
3414
4101
2763
1902
4080
1553
5822
4006
7067
8164
6421
1820
1648
3227
3575
6567
8875
5083
6995
6857
4975
7950
8904
3426
6959
1329
3390
3416
7403
7615
3313
9153
3359
4129
4833
568
5079
5802
5886
4391
6645
7360
6066
8683
4091
6048
2501
6522
1265
7523
9040
5450
3810
4564
5098
1906
6120
4341
8462
5242
6996
9437
4107
1620
416
7039
5859
901
560
1672
5212
8858
1492
9866
8958
6077
9625
9413
9039
5346
4681
810
1719
4453
2059
2744
6164
6136
6495
7417
9184
1946
6480
4792
9487
4255
4225
3517
4301
736
1605
2807
464
7889
144
8918
7385
6578
8461
7955
2832
9627
6561
8990
8168
408
3125
1491
8233
5638
9388
322
971
3906
3943
6815
1366
924
2064
7794
5717
2913
8965
3879
8931
1964
2580
2509
6979
8517
1113
266
737
3134
1510
6664
4712
4245
9005
7215
421
3560
9690
1201
7349
5807
9095
4605
7380
2052
4890
8416
8102
845
1075
255
878
2321
8939
9559
7979
4646
8235
7411
8840
7030
7147
5036
2894
9262
9676
526
8148
4527
5482
8110
4180
7932
6514
8001
2112
8835
9078
3447
2028
9753
4018
4534
7598
2940
8146
7384
6290
1577
5937
493
454
9774
2105
8698
587
1202
8653
660
2709
2144
5024
1853
8132
2943
4471
8544
3458
7333
1239
6330
4043
1649
629
4313
7220
3954
5256
1017
2440
2638
9348
1390
519
7960
4226
9164
1666
5571
6299
7806
983
1958
9516
6364
5017
7440
4561
9100
5000
1119
3898
781
1051
1684
7017
8605
1967
2056
7534
1367
9277
5674
6733
4880
6476
9171
2350
3656
6640
3878
7856
1516
6461
5990
601
2089
3507
2238
831
608
361
8554
2
9287
9903
7463
9259
1071
9293
3265
3254
5072
7207
2980
42
5260
6143
2054
7516
9459
2296
1400
876
7329
5276
5855
4410
2230
2189
9701
9457
5721
2682
7975
8369
2187
2886
3108
3268
7529
1118
8834
1812
1626
328
5232
2561
2537
4062
8733
8586
3038
655
6366
3016
8737
3179
7275
2167
5188
5779
1292
1091
1661
46
3493
6892
4866
7494
1881
470
4039
8661
2880
4007
2818
3480
885
3249
2024
8296
4897
7399
1710
6369
8159
7665
4944
2997
4116
1787
1915
2780
2965
3530
1141
4514
2107
4820
9271
8314
6175
8519
7056
7820
3520
4857
3309
23
8558
9951
308
6701
82
4390
5904
2106
7408
9983
873
4490
8542
550
2416
5215
797
5714
6545
2547
5160
7425
2447
1459
9947
4774
1624
7760
7821
1332
2155
9671
883
4361
1153
100
4507
6553
6390
7035
3693
2574
7647
7103
2148
7830
106
2372
6504
4934
9089
5725
1355
7362
7422
1695
7727
1987
2789
3071
3681
9668
9771
5929
6863
6705
6049
8993
4440
3577
7505
7768
8355
3823
9372
1020
2534
8894
8252
7931
6678
4427
7530
5755
7759
3594
9215
5301
1005
184
6272
1074
7937
8844
9825
462
6909
5208
5359
3668
8242
5827
7858
1101
5013
8394
5196
267
5023
4624
9699
4765
3683
2490
5610
3703
9613
8723
3145
8289
8241
6341
8878
7171
3712
1737
2594
2552
5468
275
8546
298
8623
1115
1541
3852
5801
9074
8955
8410
7283
1808
3185
1249
1122
1560
8860
1070
9620
2724
8579
6268
2263
4778
947
4666
1954
6238
5653
9713
9016
2363
7791
9131
8775
1933
3925
2267
2437
4306
689
695
4003
6279
5993
1451
1763
914
3664
4066
7725
9132
4874
286
5957
7881
3729
4138
9785
2626
6642
9961
8215
1918
3063
5319
2302
5322
8476
7869
9568
1921
9872
9683
6213
3872
196
1555
8041
6936
2658
1096
6846
7110
7058
1813
7460
7888
3658
1276
4278
8351
967
3176
9303
5472
7020
274
9937
8035
6868
1961
303
7266
6232
6821
5371
1320
2456
683
2019
7081
2979
2749
764
5551
6862
1003
685
3944
5906
9337
6301
4099
93
4061
9161
5298
9569
3663
9429
823
6229
7633
3378
4325
8376
532
3510
5733
9049
7305
4575
4648
3922
4493
7519
9728
8018
9585
5513
6938
7863
366
9619
1910
1926
3808
6577
2646
9149
6104
5220
9700
9034
7347
9186
5503
1275
1212
5094
5010
9358
6908
6446
3204
4667
8876
2433
8463
8874
3650
4177
5736
5026
5501
6337
7659
948
7938
7490
3360
874
7559
5810
9490
5656
3184
7073
2185
6687
5273
5481
4791
8715
9853
5219
7390
4150
9717
9887
2737
7891
9921
5223
3659
7943
6309
7974
1475
3963
2944
749
4910
6214
3626
3641
6841
8319
8212
2916
9443
5992
6785
6560
6947
6187
3432
3288
3564
5289
4289
8134
7156
1391
8550
8331
4497
7294
6180
1182
2599
5139
6615
9727
8421
3733
8449
8489
300
7879
4699
9811
4095
9336
4001
8728
6471
4311
5181
5388
8451
8446
8909
6657
5005
8260
9692
3277
6505
9390
2648
2540
4982
78
3342
9945
4210
3655
7054
7836
7570
7299
7125
9428
9695
6176
3235
6986
9634
5227
7346
8434
5759
8804
8716
6910
7456
9067
8360
9802
6588
4803
5495
4260
1398
6556
7752
6698
7265
5791
2713
8092
8334
9065
5735
5555
9648
8589
9010
9376
6406
6797
9706
9290
9046
9776
141
304
422
1274
1558
3981
969
176
4112
4014
1823
3827
2008
4474
498
3883
2266
220
6007
5877
4134
6823
6667
600
4748
615
4051
4814
1703
3210
881
8477
4899
7068
5277
9980
1900
836
3285
953
6780
3121
169
2405
8431
5131
5147
5751
1587
1379
3864
4780
6983
5352
1013
3775
458
1824
180
1573
2341
4144
734
3455
143
5099
1956
6167
36
9227
423
6772
1421
7070
9840
712
8666
3518
8764
9179
1002
9450
2675
825
3253
775
1063
9622
6971
3307
5250
2878
7013
6142
6948
8349
6359
1429
3175
2129
8321
1506
2374
1828
459
3099
1174
4274
9489
1420
3980
2037
2386
2099
6223
1941
3062
3563
7740
2787
4923
3423
3498
7136
380
1715
276
1223
938
6791
1805
1664
2306
7621
2361
6614
668
2414
2867
9561
760
8414
3206
9220
1759
835
3255
2100
694
6002
4160
3331
6751
571
4434
5598
6988
5909
8071
5740
3189
5567
8278
4086
6624
9646
3251
2048
2760
2961
5396
2966
6173
9297
1821
231
5189
6169
3112
729
8418
2647
5647
4356
6801
4374
5252
9392
4444
3609
5259
2518
1616
2398
8568
3269
440
1509
4377
5579
1852
3984
1021
8003
21
3205
2303
4123
2049
4571
3465
9355
7138
1793
3888
2753
3684
3111
9603
2877
2291
7078
2248
8580
365
3280
8798
2415
2419
4609
8450
6127
1323
118
382
1056
7012
4907
5951
8173
2514
3289
5766
6152
8115
4230
2258
1761
758
7269
5475
811
2194
4236
4227
4215
4365
8383
5820
7368
1483
8707
8922
3689
7315
9211
1058
4630
4977
4174
2500
4012
7213
8518
5996
1798
6782
7474
7946
8776
4737
5907
8508
8991
5198
6205
7520
5857
7201
6896
2355
3104
9545
3287
5464
5667
7673
8133
2484
3905
6253
3113
671
5997
4441
2392
7142
379
7666
5130
6401
9253
4315
2823
7980
3273
5732
8138
4425
4936
4447
663
9779
1317
9466
999
7607
8096
9308
9630
6444
7753
7761
2090
7486
6316
3860
8571
4798
8704
6434
5347
7792
7177
3128
6985
6135
9763
9012
6633
2473
7617
8893
1224
190
2359
5816
146
6992
7887
1460
9698
6306
3374
9239
761
5663
9289
9328
3023
5586
3434
838
5639
2119
8938
1123
5681
2412
8163
7543
9941
4793
2730
5861
9438
5426
8622
9511
6869
1579
8165
3186
6844
9803
8284
6426
5111
7874
9754
6335
6878
6332
8135
4069
1266
1755
8006
6367
6475
3233
3208
7134
4752
6436
9151
657
7751
8839
3669
1386
4599
9057
9498
3802
8365
2115
4925
5085
7913
3218
4314
6987
9869
5241
7303
1322
7464
5331
2968
1543
471
1733
547
8269
1730
6271
5704
7001
8043
2078
1576
8700
997
7636
37
9820
992
9590
2472
7237
535
5483
7847
125
207
342
1628
6707
8678
3160
3773
8548
349
8458
5588
9470
2897
3348
1990
5269
3617
1240
6283
6195
1300
2729
9927
8567
4369
925
7204
681
932
1738
5632
1908
9982
5768
9373
7875
5831
1027
3355
3805
808
7718
8217
3477
7654
214
2604
4815
1905
4821
6458
2260
7814
6314
646
7065
6950
292
5387
1641
1016
2693
8540
4120
4472
5508
8396
412
1256
7155
3567
1629
6669
4292
8960
2977
4844
9058
1468
8982
8925
6070
5091
9098
2125
1702
4544
1521
3533
9159
7902
5673
1144
6046
5132
73
8994
5389
7089
1574
5793
3171
9174
7161
3445
4389
9748
1875
1797
3762
6024
2273
8204
8777
7572
9846
2102
6356
5266
2023
9847
6417
4632
9391
618
3639
147
9359
9718
7413
4415
1361
8556
669
3579
3795
2065
330
3
1065
2379
5453
3259
1407
6118
7773
5913
2723
99
5226
6541
1261
5873
1038
7500
7102
5300
543
7778
1953
4464
520
7448
4596
9197
2775
8086
3231
868
1066
5995
8963
2755
4184
3223
4669
321
1966
5715
3727
6517
9782
6466
1172
8103
4827
3261
8268
9401
5661
188
7956
3346
9152
1467
8718
5073
8378
3927
494
9881
3150
7259
6753
9446
5134
2784
8436
5328
9099
8911
4327
173
3018
2166
8199
2542
9645
546
5342
4159
9805
4114
5088
6966
3758
5143
2656
3642
2704
2981
299
9812
8584
9389
6668
8585
6982
4420
6727
8888
7620
3667
5575
1599
1340
1708
7226
6649
7348
7790
7276
4649
4302
8629
2050
3212
3400
2555
7644
3460
7525
4656
388
5320
4038
6525
6757
7906
5669
6901
3978
5038
5824
6230
4523
8872
1601
3044
5261
5604
5244
8459
1971
7799
1351
534
5122
4949
30
7722
2464
7308
1944
8713
4577
9185
7382
720
7335
3590
3242
7271
745
6874
4266
6467
9818
4432
813
4103
1207
2186
3336
5169
8141
2987
4877
6671
4187
9356
5507
818
6952
1067
5502
963
4921
926
1257
4915
5499
2882
9064
7808
9367
8066
1171
9522
5760
9917
2922
8621
1920
1406
1916
3166
6684
5194
8573
1126
3404
923
3141
2698
2323
9743
2474
6292
5833
320
9764
3096
8706
8120
1786
1718
747
2282
9369
4543
2404
1389
4633
210
5068
1181
5535
6492
4674
3372
1856
9513
4755
5558
944
1544
5268
1148
9248
1891
2609
2462
2627
2417
4108
7558
1136
8447
7588
4214
8118
111
8782
7601
177
718
7153
2888
2229
3973
3895
6415
3019
4222
9787
352
8534
2535
3603
9582
7270
7688
5646
3294
9714
6799
6582
5296
7767
1133
7781
3030
2742
5559
5530
5582
3835
6387
11
2889
755
1745
5789
2590
1646
590
7091
4692
2735
851
4186
3350
6773
8495
5893
4764
4339
6650
5100
6843
4900
5419
2127
3097
5356
3711
4836
6241
8780
5452
4536
5306
4954
9505
6729
59
4064
4566
798
2139
8791
1373
6483
1251
3692
4163
4422
8144
1064
1452
4172
5350
779
3315
7989
5914
9412
4723
5043
6981
7072
4046
3570
2615
9071
3090
4312
9246
4088
8717
2384
378
4047
6259
2756
4212
5884
8929
9987
9746
2196
3977
6158
8315
1316
3075
572
7113
6539
9611
5872
5645
1841
584
1861
5590
4176
6819
6488
9783
4882
8195
5431
1192
4557
3615
4819
1403
1801
6027
187
7910
4009
8762
8415
3161
1241
8697
2202
3854
8908
8338
8170
6549
7233
5921
6885
6597
2579
9084
2079
9591
5625
8008
7443
5366
7853
197
2191
4744
3220
6210
8047
8673
4873
784
5594
9892
3036
3868
8529
4072
2866
9661
8711
6110
6349
9400
8048
385
8740
7779
3326
9032
8358
5449
1024
1481
9907
1023
731
7499
6184
4465
4683
9850
1999
6355
6920
4259
5121
4257
5557
4902
3050
5167
2143
3321
6679
9723
7933
882
8850
3960
4484
5302
5303
4149
3140
3343
7114
5075
8085
8614
7595
5776
5326
8397
8023
7642
5133
1281
7634
8188
9504
1343
6448
2576
3058
7196
9282
7801
2808
7467
2407
5451
2219
80
6377
8973
886
1298
2493
2530
6817
9403
9261
5796
1637
7789
9035
5621
8852
824
8026
5609
8785
6087
5089
5887
8480
6867
9672
4705
7819
271
438
9933
5048
8166
222
6581
4747
8004
8346
6170
8270
6247
7593
8370
9318
8030
7619
8748
6631
7590
9090
9615
6224
7630
8871
9742
7428
9176
7328
9173
7457
2508
8488
3201
4182
5871
1766
6617
3165
6358
6564
9116
988
8184
1713
7158
9958
7743
5917
9960
9068
6171
7466
4997
2287
9294
7193
6746
9722
9036
8641
9063
8724
9757
9744
7754
2779
8044
9241
7421
9682
766
62
2396
3356
4025
375
6834
1360
1090
5718
5154
3637
2605
621
6107
710
3527
1827
6989
605
6568
1851
2554
3318
1572
7983
1188
3501
4645
2531
2864
407
5201
1714
2858
565
529
2525
1408
4283
4136
553
1185
1610
4195
3419
8253
1191
1028
3781
4271
7951
2308
7892
1705
7258
3648
872
1272
4460
3814
5265
4133
3276
4670
1496
837
2274
2621
4928
3584
7783
7398
3817
7436
2086
6050
5467
1897
4546
3174
5931
175
3595
2806
5756
2690
8313
162
3073
9605
7438
6236
9166
4964
4824
1566
3427
1698
2289
2146
157
5292
7985
3836
849
228
9133
5498
2622
2773
4872
5061
6605
3643
9767
5077
3549
4196
115
3308
6222
5323
9199
434
3485
7003
8466
647
2828
703
4595
2039
2051
8772
5155
6924
2846
7550
6942
2963
5540
4037
2421
3571
865
5865
5309
976
4279
3296
2496
2747
8300
1022
1458
3764
9123
943
7231
273
6166
8642
2960
782
4467
7664
7027
5329
2455
7122
8316
7687
8912
5305
2911
1219
1263
5881
4732
1040
3214
3508
3334
6941
3665
3957
4321
5601
1720
401
3588
3396
490
2015
5162
5510
9715
5897
4096
5844
642
4455
4634
3353
7479
1494
2871
4945
7714
8180
4576
5177
9721
3337
9309
839
3920
3837
3950
7862
2522
8897
2075
6288
278
8824
6906
1150
5039
1625
7094
730
41
9838
1562
1374
7896
2869
6949
9836
8246
1253
3610
9075
4167
7359
8769
4920
6060
6635
4978
3873
1069
8068
185
6509
7860
7603
9598
690
2519
9817
6191
9310
603
2182
3484
1789
4350
6296
4535
6325
1968
3983
8639
8651
1739
3553
5161
5171
776
7524
958
7729
6206
7973
5447
1120
933
1089
6884
3839
8998
1454
1619
698
2466
310
223
7066
2312
8620
9473
2179
946
6263
4885
4572
6695
4963
6796
8029
1588
1736
2261
5311
8547
9139
3982
7053
2214
123
9729
9072
9448
9688
22
8339
968
4020
2731
7728
9218
4932
9181
2003
3604
3904
5549
2556
3739
8886
4693
6182
8291
3537
6769
5042
2402
6592
6677
6945
7135
1231
809
8287
5141
746
3407
3364
3064
4505
3456
524
1725
5934
7697
4242
5299
2292
2813
2833
6190
1267
3535
3232
5105
4097
6074
1106
6201
922
4040
5532
5245
6532
636
4348
2047
6093
6655
8250
1103
1995
3657
4232
5413
8765
5962
5343
815
2161
4299
7309
6866
2461
2364
5332
4162
495
9835
1980
6930
6681
9205
9069
8793
4199
158
2114
7340
7900
2623
3870
2541
7528
8714
7706
3522
7319
3155
1775
1443
9245
1561
3731
909
5489
2479
3605
346
1471
4347
5905
6008
6329
794
5028
6674
4665
9444
753
8497
7787
3636
1790
1315
2356
3809
7686
4590
892
9494
9172
4854
2613
7116
7238
4832
2325
5119
2294
9482
6088
6457
3763
8805
9210
6030
6388
1132
2986
259
6562
4371
6422
8869
8297
2141
7414
3931
5128
6261
9433
2297
7345
6565
9314
7263
9353
6114
5461
6278
2971
3258
3629
4818
6281
1176
4023
6653
5442
3946
8865
6911
8475
8309
2612
6036
7205
7660
2706
9502
8487
3751
9208
9737
2165
2045
6639
1183
9601
5417
5564
1642
3651
3040
4651
4473
4470
251
2688
2358
6513
6280
8113
5279
4627
9113
8052
1009
4789
3444
2632
9735
7710
4345
8530
7152
8432
5739
3083
4613
4861
9659
8948
4294
54
6946
7865
420
5229
2689
8411
4614
8626
700
4156
9485
6069
4181
52
2661
3142
5841
6493
4816
8000
3917
7829
6172
7316
9264
5496
3124
1589
7941
327
234
1884
1582
8627
3842
1940
5125
9383
8940
7750
4939
1093
951
4767
4682
1957
6627
6402
4993
5920
5689
372
192
5248
7079
5437
368
1890
3538
3772
3180
594
7970
6711
155
7517
5711
5799
9371
6928
9060
4521
523
9424
5253
5981
5682
5939
7397
5627
1
6999
9862
436
4495
5127
1102
2357
9953
3120
4585
1444
7497
4200
3554
261
8648
3726
2781
3790
7707
7286
9044
6929
9966
3088
3539
840
6130
7511
4973
8692
8818
7386
1445
8822
5403
1198
5811
7060
2101
4766
5963
8950
3941
53
4549
9212
9538
5640
990
9963
1795
930
1372
6902
5556
2333
5316
2575
7586
9864
2665
9169
3197
6524
9636
1701
2890
9655
4662
2478
4011
465
6372
4248
8112
5762
6139
6447
7307
5361
248
2084
3909
2175
9523
5240
1723
5623
9570
3965
9182
4625
8019
5137
8464
3843
5526
4291
9025
2009
3929
5868
7461
8202
6428
7182
4070
9243
167
2761
7281
8665
2383
5946
896
4974
5924
2424
3368
9726
8220
4082
5842
5363
4173
8161
7367
132
5746
2950
4032
5846
3786
6484
1994
2092
3415
4652
6456
4017
7024
9258
4509
5382
7852
9346
3135
7835
4517
5955
6980
8506
7418
9571
5685
8663
3649
8399
6246
4922
5867
3282
4768
7284
4424
7160
5422
9810
360
7208
557
7886
9815
7845
9085
3380
8084
7044
9609
8601
1289
5443
5642
4188
6353
2959
9396
8635
7475
7918
7614
8002
284
5818
5213
5325
9554
7741
1655
9048
6750
7480
3027
3976
2817
9484
9333
7010
8279
5348
1690
1650
7323
3791
4340
1396
8273
9468
9632
3239
2088
3962
8408
7109
989
6736
871
7651
7618
3081
2010
7952
3678
8846
5476
2924
8664
3234
4333
7883
9493
3033
6282
9935
5021
8959
2338
7126
8744
6510
7331
8403
8976
905
7469
4903
7426
4735
4878
8810
762
846
6383
7713
4075
2983
9981
2653
8223
435
8535
4532
4700
3106
724
6062
5086
7948
9138
4109
4586
2642
9801
8553
6033
1771
9791
2278
8947
4562
2005
9276
6584
433
3536
8341
4607
889
525
1247
4368
8485
5941
6558
8429
8440
7057
8292
6831
9124
8610
7435
8699
1030
6360
455
6064
4749
4249
3936
5626
5808
6880
7427
8509
6802
8033
1227
8612
8442
897
237
7793
9256
4397
9789
2041
6481
7638
7737
5783
6025
9526
7746
6670
6583
9453
9608
9973
9638
6534
9897
3599
4146
7993
4113
4030
6872
9338
4615
9529
7453
4734
3680
8701
7075
8856
75
773
1336
3647
5349
5230
792
2845
8091
1833
5688
6429
915
3402
4077
4680
2362
1187
2560
5654
6334
3634
6875
3193
7304
5815
1551
2748
8124
2967
9822
2071
4701
8194
5404
5427
7652
6000
3479
1032
9202
9720
6111
8825
206
8254
3851
1364
9077
8794
4808
7667
7762
1612
7663
8177
8087
8833
290
362
4856
3017
8093
822
8335
6886
7318
13 1125
419 993
937 6157
4520 5204
790 6527
1382 268
1140 159
2451 2486
1846 7507
20 445
626 8125
402 8390
850 6409
428 8262
3270 140
233 9300
862 6311
1490 4329
6626 2757
86 1117
3933 8817
337 8957
928 627
3187 252
3077 5983
2811 1143
2068 3182
1842 3877
60 9696
3519 9462
451 757
1777 4008
1721 7839
1213 5205
4588 7909
4395 8237
51 842
295 1294
692 339
202 9366
1549 4206
3979 8649
484 917
1072 67
908 633
1353 7895
413 567
699 828
6363 4761
3217 209
120 9524
15 929
9938 1149
631 7949
257 693
443 8691
3613 9330
1099 5393
384 8474
311 1039
1319 323
1503 4250
8332 2203
226 741
235 9252
3110 834
931 619
966 7776
738 780
1497 4310
2000 3487
1234 351
977 604
4574 7936
329 653
9395 1724
5527 3425
1166 156
3041 6718
541 441
3151 640
431 771
293 9142
340 610
4957 6940
1087 5538
108 9576
1092 240
503 634
4777 7388
399 8407
2558 2123
1463 4468
6647 4185
355 1197
1328 4553
7920 2033
1097 5458
1121 17
1146 5377
675 7508
860 542
6124 2870
2181 2933
1195 439
1711 4115
870 643
5848 3173
1959 3524
4142 5379
5107 6636
2494 2445
473 514
1046 282
314 662
516 8249
341 8809
1045 5652
877 135
131 9515
1878 3720
1011 7734
7701 2389
5631 5772
71 832
1244 5009
717 545
1145 14
1791 3975
732 7028
39 9992
602 430
47 1131
6012 5399
2503 2382
5706 5720
918 6203
2620 1643
2504 2298
949 504
789 6840
371 8481
509 628
6589 4362
429 796
756 6963
3803 5693
536 8178
1301 4612
1885 3565
336 1273
2314 2754
682 830
569 8137
788 236
87 1600
4714 4867
486 684
6939 2597
1268 332
3725 9055
406 8286
702 7242
79 9577
424 820
4826 3591
7174 3177
229 1358
6738 3850
893 7867
3345 5096
2222 2852
714 7229
2674 1474
767 277
8719 711
1043 5835
654 579
1179 102
2422 2549
8379 1349
474 727
279 678
5439 6243
3638 9298
538 624
5414 6317
2955 906
1293 4906
4678 7547
4089 8536
409 583
6913 3492
5197 6529
841 6479
359 1111
6435 4675
1659 4204
350 8739
2097 3051
3742 8999
5374 6418
3632 9316
721 800
1095 19
4972 6810
606 415
701 827
630 8079
1204 7599
4727 7433
212 1363
916 103
4589 7811
160 1449
6043 5395
6207 5004
8942 151
8738 708
3303 40
2912 919
1211 5307
3559 9368
2586 6327
43 857
164 1447
707 577
6094 5327
2241 6665
8577 1029
5410 6350
2791 1220
6601 4338
1837 3938
453 744
7631 2465
1435 149
1448 145
5547 6040
1137 181
213 1088
3014 902
2937 5745
3787 8882
4407 8117
786 244
2250 2849
975 616
4809 7209
2104 6944
4707 7447
1290 4929
3157 638
33 911
6520 4498
4254 8465
7176 3159
8974 85
2696 1462
2085 6991
7544 2637
8823 531
7430 2879
468 739
561 8298
1000 582
3673 9251
945 530
1196 396
645 410
6573 4412
7029 3373
3998 8611
1083 29
8381 1348
3325 9985
910 6273
3994 8630
6569 4443
1086 540
8981 28
3699 9103
8914 367
476 505
344 609
1015 343
8216 1706
4644 3411
7732 2378
4970 6907
463 979
4262 8460
2617 1879
686 391
477 497
617 581
2406 2668
2567 1927
941 97
8951 112
243 8511
5572 5943
3544 9426
8900 467
551 611
6748 3777
6692 3999
6328 4810
1369 7503
3430 9488
4290 8437
4757 7415
165 9456
6788 3702
8293 1402
186 1433
1014 6065
6499 4528
1811 3949
1104 487
793 221
2043 3466
1033 575
8426 1250
867 539
7337 3015
510 489
1675 4170
8101 1889
6491 4581
262 687
954 488
1870 3723
4436 8106
589 8219
2572 6346
1942 7093
595 8196
6351 4773
5456 6235
260 8448
1478 38
6787 888
2133 6873
2502 6398
1844 3761
672 7548
4404 8197
3329 9930
3332 9863
2162 6686
8229 1550
8131 1817
270 1306
3069 890
5238 6474
6193 5041
7162 427
7118 3328
6234 4951
3393 9704
1282 326
7432 2859
3491 4779
6073 1770
1410 4500
58 8808
7859 2057
1057 7705
4228 8513
5891 5560
2587 6274
3279 5283
479 8398
7802 2220
7470 2801
8944 148
8472 1225
625 8157
4942 3147
5236 6526
2255 6611
2257 6571
1866 7097
7471 2786
3004 5644
2138 6837
5918 5485
1159 7643
2172 6680
1235 5117
620 8162
4610 3541
5581 5925
1341 4545
224 1085
6099 5158
691 8039
92 1098
6752 952
2153 6830
4706 3317
772 7990
1864 7123
1535 4223
982 472
895 7864
900 637
448 7592
1233 370
3293 5174
6096 5209
219 763
7739 2344
5908 5539
6298 4841
8142 1809
113 814
8049 1901
390 852
804 7935
5829 2096
204 774
4784 3284
665 395
411 998
4054 8552
5182 6543
6454 1297
843 139
2976 5709
404 8417
2430 2536
673 8095
527 482
2354 6451
265 1352
1134 7685
5066 2938
5587 5894
4591 3576
2330 6521
7582 2483
3540 4739
9471 1160
124 1487
1007 69
1285 325
6957 3394
8603 935
4335 8258
2777 1354
8593 1008
1258 4935
596 7330
3953 8759
6747 3780
7163 397
5523 6147
697 8024
7381 2927
1592 7363
483 8382
1726 7249
6919 3422
4243 4111
3481 4794
1677 7292
4307 3989
566 887
2550 6352
5052 6777
2660 5945
6450 4653
5150 6557
5613 5814
1668 6338
2799 5856
3551 4738
9 8896
2643 6076
6067 1816
3504 4743
4042 4198
3606 4711
6486 4642
10 955
6179 1480
8814 552
2803 1184
1156 4
5991 5473
6675 4183
4506 3797
986 7748
283 674
4679 7481
8027 1917
44 1635
1037 301
3947 4616
8493 1151
528 7446
6835 3697
65 8760
8936 313
1158 446
331 8438
3875 4384
8482 1205
8514 1112
1135 456
8280 1495
4331 8301
8500 1128
8122 1819
1209 6781
1962 7022
7187 3153
1177 152
8210 1729
315 996
4352 3866
4462 7953
1952 7061
334 7745
6958 759
6108 1647
4622 3891
3085 5491
1913 3526
995 354
2158 6696
1222 7549
6494 4554
5074 2875
3719 4587
3687 4619
8090 1898
34 1216
450 7562
1538 7400
8226 1627
4419 3829
383 956
307 670
7090 3339
1862 7192
7378 2982
4516 4073
333 1278
4994 3098
8652 848
5596 2252
4247 8503
4638 3505
7947 1972
2711 5888
1308 7526
2381 2707
3677 4636
3377 9730
696 7289
6990 728
5953 1986
515 8372
802 182
5863 5577
5550 2326
7369 2989
6053 1858
554 7423
1424 166
2243 6643
57 7924
203 1378
2694 5896
8364 1375
4092 4175
1018 309
2468 2454
216 8545
3754 4568
6115 1504
2324 6538
4153 4168
128 8722
1405 208
2839 5794
829 688
558 8311
3409 4858
4028 8599
3945 4351
6847 3619
1062 6860
2002 6997
5976 1975
4967 3298
3191 5033
8669 799
6285 1414
3745 8885
1189 83
4639 3476
2848 5782
5365 2481
254 1084
6137 5118
317 7749
7914 2036
6660 1200
1656 6342
457 521
817 7911
7786 2225
573 8259
750 743
3614 4710
1784 7216
5438 2958
1203 74
7358 174
6078 1685
6700 1130
6310 2254
3424 4822
7268 3144
4305 3995
5696 5727
5 8905
134 8578
2662 5940
2797 5876
5455 2373
7168 376
1206 393
2917 5754
613 7300
225 8538
7062 1673
612 599
2868 5318
4320 3968
3749 4573
765 7994
5804 2645
974 7755
5607 2240
6022 2489
1259 6706
469 7976
3059 5602
1485 7449
178 7851
6851 847
1252 6774
7325 200
2134 6848
7825 2156
5600 5843
7224 335
1049 6893
6085 1681
5002 3286
4843 3199
5337 2629
272 1050
2170 5878
7243 289
8537 1041
6967 751
5339 2598
5683 2180
2608 5440
4385 3838
1110 205
1765 6185
3066 5565
7150 3192
3358 4924
6270 1415
2327 6523
4270 4084
5145 2796
3951 4288
5015 3031
5749 2152
866 664
1618 6384
171 8551
1520 6445
1518 6453
659 7248
3283 5190
5936 2031
1652 7334
3170 5334
6209 1457
133 8631
5858 5648
6749 972
5114 6620
1654 6361
5416 2387
3117 5390
5376 2425
6768 940
6427 1304
3440 4850
6730 1055
117 1537
1035 562
1985 6103
230 726
5370 2442
9013 7
2952 5712
287 1044
622 7279
4293 4029
6018 1949
496 658
1335 7514
2226 6673
7100 644
1339 7037
3676 4659
4332 3887
1991 6097
5165 2710
3247 5291
2544 5533
4959 3131
5317 3068
6779 913
8656 819
5592 2815
6839 1867
2630 6113
5207 2644
4081 4448
4324 4267
6465 2130
607 7785
2459 5695
2795 5335
3640 4671
6849 856
3080 5520
6737 985
4763 3801
2409 5724
1208 55
4799 7211
2725 5353
2132 5895
3583 4702
5966 1982
2945 5254
7602 904
2559 5528
1843 6122
3084 5053
4771 3783
6715 1108
6740 980
7121 614
2178 5874
8181 1783
8391 1324
5338 2619
70 8745
8644 864
5514 6151
3421 4863
6630 4205
4244 4364
7144 3292
3275 4995
6820 1936
2907 1036
6852 3593
1602 6440
722 7690
5080 3272
1295 6663
5542 2352
6411 1309
4930 3443
6964 752
4835 3737
400 8032
7515 1178
7639 821
7803 480
499 7489
3022 5641
2154 6816
4842 3600
6882 3496
2988 5115
1571 6822
5899 5544
8953 96
2022 6063
6927 777
6502 4525
2533 5563
8330 1381
2640 5369
6196 5034
2111 6918
5407 6408
3880 4375
7146 442
6112 1527
3744 4685
1114 194
249 7788
5862 2628
4840 3200
1680 6300
5521 2873
7770 706
891 639
4718 3840
2126 6890
4378 3847
704 319
4261 4284
7087 1658
5444 2376
2423 6404
4297 4024
588 7401
6917 3471
5643 2732
2679 5360
2027 6058
7898 363
3222 5001
8801 598
7129 570
6001 2505
1048 68
5018 2984
154 778
6128 2399
4790 3779
7050 716
5286 3103
1803 6126
4287 4277
4838 3735
5354 2512
7744 805
2307 5785
2651 6010
795 7108
3708 4690
6482 2098
6289 1411
418 7623
5651 2722
357 7668
6891 785
5425 6313
84 7893
7942 264
3899 4358
5788 5666
978 586
3728 4580
7389 1416
984 7483
4488 3818
7846 444
6150 2348
5314 3070
1417 7478
7255 281
56 8830
1060 7377
4518 3937
7866 398
1788 6178
5384 3043
3028 5063
4926 3188
6955 1772
2624 5424
2584 5487
4481 4121
5784 2121
1671 7314
5412 2397
6041 1873
4601 7766
77 7922
7840 449
3391 4955
7589 959
2067 5968
3511 4781
4458 4190
791 7139
7124 1639
3118 5044
7522 1175
5400 3042
8051 242
2618 6155
1513 6460
4834 7119
650 875
2985 5116
1778 7246
4201 4152
4641 3433
7302 1427
7095 648
1001 6915
4547 3908
5120 3215
1100 7301
2401 5738
7375 1423
6621 2076
5200 3162
6347 2212
5293 3093
5192 3195
26 921
4445 8080
5617 2239
6183 2309
4166 4418
7393 1399
1311 7127
4933 3181
2824 5840
2388 5752
2524 5670
4451 4203
667 8114
5398 2411
3495 4812
1059 241
1161 7640
2391 5750
466 8413
6758 2066
5890 2566
1472 6516
1342 6600
3789 4442
373 8069
8294 31
7133 1598
4522 3932
492 7506
2676 5364
253 8160
2527 6254
5726 3608
2857 6035
1076 7374
7552 1129
555 8357
973 7763
5566 2256
6594 2077
7074 705
2110 5898
748 7188
2767 6123
2269 5787
1242 7184
1380 7005
5144 3209
5684 2691
7223 345
5152 3207
7290 1440
5850 5649
715 7217
6793 2017
4960 3401
2603 6219
4438 4349
4871 3548
2245 6425
3347 4950
1073 6828
812 6972
7164 1536
297 8147
1401 6559
537 7919
1859 6585
8153 104
7045 725
858 6937
5562 2853
1237 7541
1477 6870
1903 6106
4895 3450
1998 6441
4635 3513
7172 374
6233 1441
348 8121
110 1559
7712 816
3991 4608
347 8422
389 903
987 7742
2898 6032
1326 7049
7441 105
5082 3260
7313 227
232 7850
1815 7199
3766 4486
2055 6437
72 8256
5998 3386
783 7141
7695 1924
1840 6619
1997 6083
6767 2025
3625 5267
88 8247
1164 7282
5568 5978
316 8136
1157 6783
3237 5722
1279 7167
5106 2844
2452 5703
8099 1484
1307 6658
7059 1740
2523 6371
4323 3912
6019 1904
4802 3743
2921 5290
6876 833
356 7693
8770 950
6413 2149
3631 5237
5916 2046
1412 6547
8191 94
807 7011
2200 5837
656 7264
3055 5608
45 8308
7984 250
1313 7098
179 8200
8752 623
4530 3911
1078 6808
3645 5217
6015 2492
6003 1955
9512 163
2370 5753
7444 76
7350 2233
1979 6485
6934 1825
109 7885
381 8040
597 7310
1489 6836
4234 4392
2014 6082
4263 4538
7784 593
4004 8606
6397 4691
3863 4399
1615 6723
3910 4823
5494 2892
4503 4105
447 7988
713 7222
5761 3573
3438 5462
7104 632
7579 1053
4725 3301
1094 7332
5187 3198
4480 3826
6186 2301
912 7591
3907 4650
4074 4724
666 7715
3013 5879
2631 6212
3061 5792
3349 5032
6721 1068
2193 6432
5578 3682
1747 6242
27 7945
5218 3821
3079 5553
2571 6228
5375 3046
7800 508
3384 5020
5394 3752
2600 6221
680 7692
7392 153
5113 2827
2591 5478
5509 3698
3799 4676
6656 2074
1384 6574
5965 2557
7149 1564
294 7780
6609 1217
2750 5351
8288 49
2838 6037
2901 5310
4698 4078
2095 6975
3442 5433
4405 4413
6266 1426
3572 4740
1556 6826
4417 4220
7488 2164
7546 2035
8255 66
884 7674
7484 1330
5634 2232
8009 247
2794 5344
1621 6382
6029 3367
4457 4194
3403 5606
8149 116
5211 3143
4551 4237
1269 7175
3312 5619
8209 1434
6859 2655
3008 5942
25 9551
7504 1215
1989 6473
661 7738
5973 2517
2949 5221
2365 6340
7568 1081
358 8108
2431 5705
8342 1302
964 7563
1590 6804
6764 2061
556 9097
6318 3086
2322 6389
7404 2210
6374 2190
119 8214
4746 4056
8129 126
6424 3029
114 9519
3921 4631
962 7584
369 8083
5202 3154
3865 5008
5257 3812
5616 5135
6554 1270
3136 5757
709 7691
7278 238
1530 6827
1229 6778
5964 3395
5692 2683
6154 2346
3007 5950
4876 3926
1613 6419
2825 6075
5216 3129
6320 2215
305 9461
1591 6789
4695 3365
2058 5982
7130 1634
4559 4217
5700 2680
2919 5988
1469 6895
1388 7004
6632 2874
1079 7357
7587 970
5961 2562
7930 2026
7485 1318
6973 742
6498 2091
4751 4053
2497 6255
6478 2120
7023 2491
1700 6717
1539 7365
6829 1899
5515 3685
2209 5809
3003 5972
1127 7295
2460 6305
8111 136
1264 7532
1912 6512
6468 3011
3578 5378
991 7482
2771 6117
1347 6575
506 7964
5397 3738
3686 5172
4041 4578
723 8984
6771 2721
2614 7624
4623 3521
8038 1526
3662 5185
2751 6125
5067 3841
1194 7261
189 8186
2475 6403
6059 2477
4207 4626
392 9420
6105 1679
1287 7131
2685 6149
4354 4492
4722 4071
4696 4102
4501 4337
6865 2616
491 9292
4367 4446
1105 8684
3472 4848
4437 4403
1291 8483
4256 4600
183 8187
3964 4762
3306 7048
1665 8227
4511 4296
8773 936
7626 1932
417 9385
4322 4504
8633 1082
4552 4229
1780 6641
5246 3813
8478 1221
7493 1260
7429 1393
481 7554
2785 6092
3441 5457
6506 1271
9678 89
3387 6933
7569 2034
8902 859
403 8015
7454 1368
8646 1031
8074 138
9361 245
9206 500
2157 5889
364 8104
6570 2903
1439 6974
719 7202
7916 280
2816 7451
6240 3152
4759 4021
6239 3164
4894 3468
6694 4058
437 9329
8505 1190
2488 6275
7473 2168
8070 142
8056 215
8828 898
2970 5153
5123 3211
4373 4416
8174 1470
9635 101
3709 6666
7260 1486
2528 6252
2720 6141
121 8729
3924 4807
4494 4106
5777 3532
3464 4817
6824 1922
7086 2434
3431 5561
3045 5805
8732 981
5694 3618
8819 549
8230 1413
4431 4219
6487 3001
3095 5780
2546 7657
3483 5380
7033 2448
7063 2443
3654 5203
854 8887
6977 2520
7180 2288
3196 7235
9319 285
5090 5576
768 8970
4663 4151
4990 3871
2339 6348
9042 679
193 9472
4164 6302
1430 7455
4684 4137
2800 5849
1409 8405
8971 770
635 9023
563 9070
7197 2276
5769 3545
2596 7641
324 8130
5923 3410
4584 3582
7527 2060
5650 3623
1422 8380
2778 6100
3406 4893
1286 8492
4720 5812
426 9365
8576 1139
3467 5411
6953 1822
6215 2268
4673 4141
4896 3919
2349 6343
107 8238
6542 2910
7476 63
2712 7531
1230 7247
533 9141
6416 3056
507 9237
6368 2205
1077 8696
8158 98
1683 6284
8983 754
3102 5758
1116 8638
7944 1676
9094 564
460 9325
1333 6648
591 7841
9350 256
1370 7014
6449 2137
544 7905
5430 2973
5525 6042
3607 5281
1756 6702
1682 8189
7533 1173
5465 2942
2253 7824
8792 927
4875 3523
6531 2915
3717 5093
677 869
5448 2956
7106 2420
6262 3100
2347 7731
9479 211
3598 5367
3934 6433
296 7758
3383 6954
1757 6697
9370 218
4165 4637
3705 6685
3721 6646
1872 8089
8703 1004
4795 3997
733 7683
2305 7810
1802 6622
2069 7968
387 9434
137 8213
9083 578
9190 513
8362 1284
3832 5030
2246 7844
559 9079
8815 2116
1461 6905
8751 965
1882 6548
4851 3959
2993 5974
239 8175
8799 907
7496 2135
1662 8240
4233 4621
8469 1228
5288 3784
7178 2340
7901 1749
9086 576
5065 6734
2337 6380
3820 6602
7356 2217
6023 4849
8400 1277
201 8185
7212 1522
6146 3291
6251 3105
1575 8350
6156 3246
8924 853
649 9019
7165 2375
3734 5064
6833 2681
1880 8076
4776 4013
9442 217
8245 1359
9234 452
6319 2235
306 9455
3123 7241
899 8821
3574 6765
3566 4756
9306 288
5195 5479
5952 2001
6638 2821
9575 161
414 9397
7296 2237
6552 4280
4606 5838
2739 6140
8059 1508
3158 7240
6709 4026
5102 3219
8522 1154
6326 4400
4968 3882
511 9230
4782 4002
5880 2611
844 8898
6438 3024
4563 6004
7437 2169
5597 3675
6732 2793
1519 6452
6 8409
7355 2231
7894 377
3930 6507
6119 4830
5095 3828
3630 5264
1312 7111
7986 1660
7833 1836
652 9008
9180 1741
7239 3558
6217 1453
195 9464
5312 3778
2904 7372
5813 4941
1255 8502
3310 5701
3869 6519
7972 2930
5007 5658
2012 8036
8028 1529
7805 1849
2905 6011
6714 2072
880 8851
7702 3119
502 9260
3986 6376
5362 5386
1350 8444
6496 2953
3256 4998
2990 5975
5459 5228
641 9021
803 8964
9091 574
3026 7285
7580 1034
1006 8768
522 9204
7876 1779
3701 5126
2741 7518
9503 199
4598 5986
4837 5770
9231 1644
2593 7646
9244 1633
8979 1950
2413 7717
8995 735
3858 6586
9578 150
3612 6763
130 9518
9301 291
1645 8299
8169 2860
4969 5713
7218 3747
3732 5078
7424 3382
6661 2819
1597 8333
7452 3352
2498 7661
5148 5505
3379 6960
5372 3757
5775 4984
4971 5702
3796 6612
8100 2862
7026 1767
517 9222
8016 1593
5919 4884
3248 7166
2457 7670
9269 312
8155 1476
5518 5186
8479 2351
7694 3137
6825 3966
5655 5058
4938 3902
9115 518
8359 2592
2814 6084
9994 960
1010 7416
9236 1638
4979 5690
7724 3114
6551 2906
2332 7757
1663 8228
651 9017
4124 4430
7419 2183
24 9579
5744 4985
5591 5136
2669 8367
5391 5284
4052 6344
8634 2286
6295 4512
2435 7708
7610 3236
7882 1769
7812 461
1357 8443
2103 5967
2610 6159
4999 3844
9270 302
8295 1321
7662 3178
2343 8855
5124 5517
1709 6264
1107 8682
2204 7926
6688 2810
3169 5385
1168 8565
4537 6014
8439 2441
6101 3314
5851 2635
2769 7492
9066 676
4617 4208
6339 4393
9663 1305
4991 5679
8486 2345
9326 258
879 8879
5748 3601
2701 7551
5825 4927
6607 4169
2923 7353
3679 6735
2247 8926
6533 2081
7872 1799
7228 3581
7409 3405
5272 5441
48 8271
8401 1238
2529 5624
5287 5420
3800 4408
4216 6258
9022 1914
3229 7186
7656 3190
9657 1331
9936 994
3428 6887
4253 6198
4917 5737
1124 8607
8276 1345
9242 386
8763 2184
3580 7366
7849 2936
3230 7173
7611 2030
4192 6294
3025 5866
5490 5206
1524 8363
7320 3516
6637 2826
939 6921
3149 5743
5031 5637
9207 485
5170 5492
2385 8784
5882 4914
9101 1834
5847 4918
2224 7890
6020 4855
7923 2931
1054 7396
855 8881
9200 1716
1325 7051
8753 957
7041 3830
9647 1334
8231 1404
8702 2221
9229 478
2695 7557
3203 7198
7772 3072
4654 5832
3694 7189
7465 3338
2426 8677
1640 9547
9849 1236
2783 7472
1847 8123
6133 4515
4139 6792
3439 6858
3454 6803
6162 4730
9517 1455
6961 3767
4541 6005
8864 2029
16 9580
8402 2471
4898 5747
9610 127
8966 801
6616 2887
6853 3958
7816 2173
9689 8
7096 3798
9217 1678
8867 2018
5429 5270
5969 3392
1707 9506
9640 90
1776 6676
2499 5678
4035 6357
18 8373
1796 9415
5611 3674
8021 246
394 9408
5583 5180
3750 7088
1180 7280
168 9483
1773 6689
8266 2687
1142 8598
1692 8183
5516 5249
2021 8017
501 9273
6490 4379
3561 6770
9860 1165
1845 8176
6693 4093
4366 6068
9681 64
3585 4729
9037 1907
9537 1436
2686 8356
4886 5764
9102 1826
6691 4110
6293 4533
1565 9651
4117 6795
3089 7837
6814 3967
1152 8588
894 8848
934 8790
2198 7934
5454 5255
942 8783
7221 3714
4281 4513
4731 3824
122 7861
6970 2548
4300 6197
1992 8050
3366 6993
4330 6131
4148 6308
4318 4273
8182 95
9288 1630
4231 6257
6798 2703
1501 4295
2577 6227
318 9451
1896 8063
2128 9119
9050 1839
3429 5580
4870 3952
7575 3257
1892 9324
5584 5175
3130 7721
2342 8868
5524 5184
1254 6766
2842 8107
1951 9278
5883 4911
4604 6269
50 9527
4686 4130
3611 7273
1162 9929
9854 1214
6951 3914
920 8813
8758 2197
2122 7940
5731 2663
7274 2275
6515 4353
4569 4209
4015 4736
2634 7605
3753 6634
8899 2007
5224 5474
6109 2428
5092 5569
3305 7609
9469 1563
4660 6216
2798 8257
4370 6056
7848 2964
8150 2861
6540 4304
806 7040
5156 5504
4045 6354
3771 7085
1699 9520
5435 5258
4360 6102
8208 2738
3240 7648
5926 4865
7928 1744
7179 3589
5070 5633
2040 8011
8849 863
7092 3815
2884 8058
7838 3052
2366 8837
5958 4805
2176 9088
6672 3913
7000 3901
2948 8034
3671 7190
6546 4303
7982 1674
3183 7671
2264 8895
6321 4508
7871 2935
4976 5699
6277 4342
3020 7904
4381 6500
7407 3420
9321 1617
7977 2920
4145 6761
3092 7250
7159 3792
6144 4750
7257 3475
1456 9760
9191 1731
3267 7613
7007 3893
5845 5011
6072 4719
6443 4118
6731 3892
1262 9874
7733 3091
2390 8771
1344 9837
6211 4643
8022 1534
5271 5629
1552 9654
1608 9588
7322 3494
1586 9596
3263 7625
6943 3942
9467 1583
8302 2659
7577 1080
3344 7016
4479 6286
5948 4860
1425 9832
3126 5035
4463 6378
5691 5049
6047 4839
4862 5989
3862 7036
4688 6200
2636 5405
8747 2206
6138 4828
8305 2650
5278 5552
2272 7817
9954 961
7535 2044
1876 8077
9621 1371
4579 5999
3448 6812
1442 9772
4128 6312
4076 4713
1854 6598
3534 7402
7227 3502
6790 3988
2511 8543
5800 4952
4966 5729
8234 2736
8067 1493
7675 3146
7185 3760
2717 8345
3670 6744
2151 9111
8774 2147
9670 1283
5935 4811
4602 5922
6625 4154
1603 9594
1717 8179
7873 2932
3074 7884
8105 2850
9158 1752
3622 7254
4775 6081
7616 1948
4672 3859
9641 1338
8836 475
9558 1418
9910 1109
8243 2697
4171 6728
6245 4406
4502 6034
8282 2667
8996 1943
8786 2145
3335 7606
9431 2083
5979 4785
4155 6760
3807 7084
6192 4721
7107 2395
4411 6052
7491 3300
3542 7600
6412 2174
4085 4703
8368 2532
4847 3987
2994 7306
2830 7412
4355 6537
1810 9380
1464 9740
9295 2213
2277 9188
1883 8072
7560 3278
4016 6370
2117 9165
1578 9614
8640 2684
8923 2004
5469 5358
1569 9851
1193 9909
1919 8061
5497 5308
3956 4797
6501 2951
5103 5531
2320 9135
5708 5112
1804 9410
6362 4298
2585 8423
7034 3707
1218 9905
9351 2171
4531 4286
8972 2485
3935 6430
2835 5795
4570 6276
8520 1167
6931 3774
5554 5235
2672 8361
4409 6055
5446 5383
4221 6595
7689 3087
2762 8264
1226 8504
7018 3874
4796 5778
3886 7006
7536 3238
2234 8954
2954 8025
353 9436
7512 3250
4787 6044
3461 7509
5664 5176
7682 3094
3628 7234
4992 5672
4127 6794
6237 4423
3916 6984
5466 5381
4157 6743
7699 1909
9786 1832
8604 2715
2805 8232
2223 9024
5853 4962
4224 6579
8452 2377
4919 5933
1960 9629
1232 9888
8933 1969
5173 5662
2283 9167
4958 5864
6181 4469
6469 4079
6199 3213
5138 5671
7287 3552
3644 7214
9381 2124
6248 4376
8928 2538
4143 4687
6912 3822
1768 9719
6431 4386
8832 2063
4961 5830
6145 2369
3543 7371
8468 2745
9080 580
6855 3855
9584 1395
9384 2118
6194 4668
2837 8510
7629 3115
6530 2941
3049 7272
3881 7157
9014 2429
2227 8977
2446 9110
3362 7594
4189 6725
3770 7291
7154 3596
3500 7462
3002 7996
2727 8596
2565 8515
3621 7262
8203 2776
9474 1533
8681 2281
3399 7578
4947 5912
7458 3341
2506 8597
3281 7105
8647 1012
7293 3528
6090 4717
6593 4022
4265 6566
2639 8377
5027 5710
8140 2836
7637 3228
6628 4135
3704 7120
8624 2705
6935 3768
8952 2513
6188 4456
5401 5421
5767 3556
1505 9962
6845 3972
5870 3490
548 9104
8441 2393
6265 4372
7450 3371
6536 4319
5680 5037
7553 3322
2759 8318
8915 2543
9686 12
1542 9868
6464 4382
9007 2444
5214 5636
5915 4813
10000 1667
5164 5493
4801 5994
3955 6381
2881 8098
9821 1762
5771 5029
9440 1585
9398 2109
1523 9924
6722 2804
3740 7364
9486 1528
9382 1596
9146 1781
6163 4491
6703 4027
5589 5183
6400 4238
6410 4218
3412 7540
6439 4202
4887 5960
8053 2918
1531 9915
170 9481
5985 4760
1653 9532
5003 5781
3722 7099
2991 8285
7225 3700
7206 3515
9228 2249
5686 5140
2939 8329
3488 6775
5573 5191
3408 7565
5545 5243
7696 3076
2487 8617
6098 4565
8789 2331
9855 1210
8743 2216
1988 9528
3666 7477
9170 1748
9015 1935
6322 4328
9552 2020
9154 1758
8891 2013
1632 9564
6132 4558
5869 4845
1981 9178
1806 9709
3646 6759
7338 3463
8347 2595
9889 1728
4783 6079
4868 6054
9508 1512
2812 8531
2925 8343
7077 3620
5022 5741
8192 2802
5199 5477
1019 8730
4697 6177
9432 2073
2408 8746
7019 3710
2436 8674
6017 4753
1163 9926
1794 9460
6745 3884
9852 1732
4211 6644
3627 7571
6442 4191
6805 3857
3915 7101
1547 9865
4100 6813
7317 3474
3127 7804
3138 7680
7747 3032
4965 5806
8082 2865
8037 2885
2606 8393
3756 7326
7510 3462
8045 2872
9203 1687
6331 3082
1438 9794
3867 7032
2992 8239
8523 2733
1965 9602
7487 3330
3928 7080
7870 2998
2087 9304
2458 8670
3482 7495
9001 1937
3034 7899
1751 9500
2228 9265
8541 2728
7775 3060
8742 2657
8570 2290
3990 6914
8667 2670
2280 7815
6888 3845
5668 5157
4937 5971
4197 6690
7379 3435
4161 6304
4402 6462
5956 4806
3633 7567
3970 6925
9510 2038
5635 5055
5511 5333
2313 9059
2070 7958
6039 4603
9652 1973
3397 7581
8374 2746
2467 9051
3861 7046
3389 6899
3388 6926
5234 5519
5313 3769
3361 7700
3418 7521
6976 3716
6116 4560
6683 4235
1479 9976
9687 1888
8348 2764
9362 2142
8883 2564
8261 2831
6091 4647
8831 2094
5836 4901
4889 6009
3398 7684
4119 6877
4986 5834
2367 9127
1976 9543
2521 8901
8870 2207
4258 6786
4309 6174
3652 7561
4658 6218
4094 6879
3782 7252
8778 2336
2673 8756
2563 8516
2418 8690
8385 2507
8088 2851
2790 8533
5251 5445
6315 4510
2516 8930
4883 6038
8277 2765
2692 8741
2335 8889
9755 1860
6535 4346
9563 2011
6994 3736
9913 1061
4343 6544
4268 6555
5046 5676
9377 1609
7711 3340
5297 5506
5434 5355
1473 9739
6256 4550
5415 5728
5263 5436
1310 9940
1568 9858
3244 7925
2449 9061
5486 5330
3290 7915
1514 9732
4905 5987
5087 5603
4449 6587
8829 2602
5488 5321
5628 5060
5101 5707
2896 8344
5885 4869
5911 4825
9799 1814
5470 5345
1911 9530
5012 5790
7771 3000
7969 3109
2371 9118
5614 5159
1567 9616
9307 2199
9922 1727
1622 9581
9923 1385
7148 3635
4131 6832
6226 4582
4140 6811
6596 4285
7391 3512
2834 7406
1356 7021
6231 4429
8013 2902
7352 3525
5392 5357
9145 2318
4583 6396
7676 3370
1186 8564
4716 6129
3451 7669
7597 3168
1871 9649
5675 5054
5828 4909
8384 2734
3194 7957
9189 2285
4317 6662
9155 1877
4931 5930
7194 3546
6071 4733
2947 8325
4852 6061
8010 2995
5142 5570
6455 4396
8528 2582
2319 9157
2962 8312
8890 2201
4694 6260
2607 8388
6511 4036
7267 3557
2016 9478
2360 7730
4946 5949
1938 9283
4316 6720
7083 3691
4677 6208
5104 5574
3478 7658
6470 4388
9572 2006
9893 1138
5019 5773
4213 6806
7230 3499
7236 3489
5460 5222
1857 9667
7703 3065
8655 2439
3446 7513
4745 6089
5163 5546
5529 5233
7622 3122
9108 1782
7069 3715
8014 2895
4715 6250
6784 4010
5062 5615
2829 8201
9497 1525
6871 3918
7387 3369
9194 2279
9806 1785
6086 4597
9272 1829
2758 8574
8496 2625
8387 2482
7115 3690
8709 2400
3653 7677
7716 3048
4593 6307
1893 9637
9225 1838
9606 1595
3324 7834
6572 4334
7143 3660
2893 8430
5977 4709
3755 7342
8795 2328
7907 3224
5423 5274
4555 6850
6962 3748
3311 7857
7431 3470
8267 2822
5225 5630
5900 4829
1760 9607
4000 6965
2177 9281
5193 5659
7698 3363
3833 6599
3897 7128
8499 2589
6726 4065
7556 3453
8109 2934
8555 2573
5324 5471
9908 1431
4466 6375
3163 7995
6165 4476
7726 3320
5315 5480
9712 1868
3006 8078
2553 8826
9163 2317
7297 3550
6864 3849
4940 5927
3969 7064
9796 1500
2578 8796
3202 7966
4708 6652
2380 9026
5304 5500
1365 9916
7735 3304
8903 2160
3568 7585
5839 4888
8205 2883
6414 4401
5852 4879
7025 3730
5903 4754
2946 7339
3834 7047
4308 7181
7052 3706
8326 2788
4034 7327
8353 2768
3940 7071
8946 1977
7939 3156
1963 9628
9650 1983
4326 7169
1466 9828
8064 2854
5109 5687
5947 4728
7395 3509
8307 9255
2702 8613
9669 1557
6013 4661
2652 7566
7878 3225
6291 4483
7997 2926
5719 5084
1831 9674
3333 5618
3010 7992
6854 3971
2569 8735
7170 3592
5097 6057
2718 8602
5854 4864
9107 2329
5522 5280
4241 7244
5548 5178
1314 9931
3793 7219
7965 3132
4083 6889
6916 3804
5231 5537
5826 5014
1570 9842
7798 3245
3357 7809
1850 9332
3993 6904
4383 7132
3624 7679
4050 6842
3012 8207
2480 9018
1288 9848
3497 7645
8152 2929
8757 2353
8720 2368
4611 6267
2495 8989
4414 6606
2972 8211
1245 9991
8726 2666
9134 8689
8807 2304
5179 5970
4482 6576
6800 3974
5047 5665
8658 2438
6463 4104
6610 4246
8637 2700
7195 3569
5892 4859
4786 6508
1604 9745
9658 1594
4948 5910
8816 2208
3057 8156
4193 6807
9093 9944
3413 7678
6741 3890
5108 5697
7868 9642
6755 4063
5585 5166
2847 8501
3047 7981
3672 7434
6160 4526
8007 3054
9792 1502
2159 9299
7777 3271
3503 7612
1482 9971
9833 1432
6563 4240
5716 4989
4629 7604
3876 7200
6704 4158
6297 4477
4664 6659
3323 7818
3948 7341
8473 9769
3741 7361
3469 7719
9002 2450
9043 1923
9685 1246
7555 3172
7501 3266
1996 9521
5484 2928
9809 1243
5149 6026
7373 3514
3724 7394
9507 1669
2899 8046
3221 7929
9567 1611
1855 9544
3302 7831
8892 2163
1248 9990
5418 5698
5543 5595
7782 9773
5536 5247
7912 3167
8352 2752
1970 9422
8862 9349
585 9052
3785 6618
1397 9896
8275 2792
7608 3449
8917 8767
9193 1869
2820 8455
1540 9777
2192 9266
2053 9409
2244 9238
1874 9533
2300 9122
1929 9509
1928 9315
5742 5076
5723 5025
7344 3452
4524 6028
9331 1735
9501 9406
8980 1947
9081 1895
3506 7439
4344 7145
1722 9660
4005 6900
8328 2774
2708 7538
9247 1835
6710 4126
5402 5786
2855 8425
9447 8433
8453 2678
4916 6333
9752 1515
8920 2113
3985 7042
3923 7082
9798 8198
4276 6739
3297 7880
3992 7038
4239 7245
1337 9925
4019 6922
7736 3274
4519 6883
8680 9525
3005 8094
5765 4953
7653 3107
9011 1939
6391 4272
3713 7650
7117 3602
5071 5605
8916 2136
4983 6220
5045 5734
4788 6497
1584 9749
1693 9693
4087 7288
7251 3562
2242 9257
4264 6754
1694 9775
5151 6016
4068 6818
1750 9612
8591 2453
3473 7502
8471 2654
2891 8435
4499 6897
8221 2843
8062 2969
7962 3139
8941 1978
1688 9731
9831 1437
7628 3116
4059 6898
9883 9177
7897 9618
3316 7827
9156 9793
4363 7137
8012 2974
5406 5774
7351 3529
9631 9263
7031 3718
6580 4033
5512 5657
9565 9323
8419 9871
5239 5954
9216 1848
4908 6385
2568 8750
6148 4540
9320 2195
8324 9224
8073 2957
8354 2743
5730 4996
4055 7312
8609 9003
9943 1327
4067 7311
9710 1548
2082 9387
5040 6168
1606 9829
4433 6393
7298 3547
2664 8632
9553 1631
9882 8081
9766 8244
4770 6095
3846 7210
4618 6776
2766 8549
8320 2809
6031 4620
7354 3436
7709 3351
5336 5823
5860 4853
2463 9053
9583 9312
4454 7008
5620 5146
5006 5797
7877 9623
8708 2427
8563 2470
1280 9984
4804 6420
8251 9352
9092 9968
9291 1818
7574 9904
1517 9807
8005 3067
2714 8587
8336 2772
7583 9894
6708 4147
7854 9643
5081 6121
2908 8306
3053 7978
9768 9948
7537 9986
2108 9345
8512 2316
2410 8997
9136 9880
5534 5210
2262 9250
8560 2570
3825 7459
1934 9435
4904 6006
4726 6591
5408 5763
9235 9724
7151 3616
8507 9725
7649 9873
7961 3148
8650 8962
2270 9219
9711 1546
1450 9861
6345 4461
3939 7376
8065 9534
9394 8985
9480 9417
4496 6923
7813 9702
9955 8467
7539 9978
4048 7321
8679 9535
2876 8457
9932 8055
8978 1974
4439 6604
4758 6204
8172 9375
9379 9617
4881 6386
2782 8566
1299 9974
5275 5944
4539 6503
3853 7420
9761 1507
8265 9280
2188 9296
6712 4098
2062 9404
8236 9363
6373 4428
2545 8884
6365 4435
3037 8167
7999 9548
9977 9675
2996 8154
8539 9054
3486 7704
9226 9009
2080 9334
1657 9736
3819 7468
4529 6861
6323 4485
6699 4178
8139 2841
5050 6161
4542 6459
8907 8779
1712 9666
4741 6518
3101 8031
9934 1383
2909 8274
9041 9979
2293 9183
8283 9274
8404 2699
9029 1925
9716 8694
8754 8820
9347 8594
2975 8171
3996 6969
2310 7807
9144 9878
5069 5612
9998 9604
9808 9198
5373 5798
9335 8988
9814 9899
2863 8395
4655 6742
9542 9378
4704 6654
9750 9969
9877 9875
9586 8386
8054 9541
8761 9475
9267 9708
6590 4031
9885 8636
9344 9679
9393 8527
7843 9662
5341 5803
7855 3241
8060 2900
8803 9452
3295 7832
6225 4487
9411 9549
4426 6423
4742 6249
2856 8420
7842 9664
3661 7545
8521 9114
9804 8190
8727 9514
9830 8671
9781 9946
2588 8660
4981 6244
8986 1945
9823 1488
4594 6809
9707 9233
4357 7140
8734 8842
9759 8290
1465 9844
4478 6968
1792 9574
9430 9441
3816 7498
8526 9073
4049 6903
9919 9795
7756 9826
7769 9790
7632 3385
8151 9386
3586 7576
4988 5817
9536 8427
2315 7795
8731 9477
9449 9439
8721 8843
9999 7954
9770 9221
9062 8712
8392 9879
6762 4057
9813 8145
8766 8812
3587 7681
5622 5129
5168 5541
5980 4689
8206 9374
6881 3885
8859 9414
8628 9593
5057 6153
5368 5409
9589 8847
8406 9223
4132 7256
3903 7112
1807 9557
8532 9691
9279 8992
9653 8322
8932 9313
3831 7076
3376 7764
3894 7002
4398 6608
8975 9268
2726 8575
2284 9213
8412 9876
2131 9317
9845 9196
8659 8937
3788 7564
3354 7774
3695 7655
9703 9989
7324 3459
8323 9957
4943 6287
3021 8020
9900 9162
7542 9972
4394 7043
9950 7991
8581 2719
5294 5932
4275 7183
3327 7797
5285 5428
9187 8618
2236 9249
9209 9033
4251 7232
8695 2259
9423 9531
9160 9784
9870 8097
4772 6080
3848 7445
7826 3243
9993 9047
9827 8126
8935 1984
4592 6395
8224 2840
9140 1887
9096 9942
7903 9573
2601 8645
2295 9147
4452 7015
1446 9891
9939 1346
9028 8725
9758 8693
4179 7253
9143 9105
9920 1428
4846 6392
9150 9859
8498 9117
9327 1764
8424 9175
8619 9639
9038 9201
9546 1651
7822 9694
9778 8687
8668 8934
5282 5938
9839 9890
9996 8428
8797 2641
3035 7987
8366 9906
9626 8802
7796 9705
8919 9339
9680 1554
9633 8340
9780 9214
6756 4060
3856 7405
8781 8811
9956 1303
2394 9006
9168 9045
9902 9137
1746 9624
5016 6189
8863 9342
4475 6998
9499 9407
8880 8787
8272 9275
8967 9285
9020 9232
9819 8143
6894 3806
9109 9126
2551 8827
8927 2093
2251 8910
3319 7823
9952 8491
3216 7927
8854 2581
8524 9106
9402 1734
8675 9555
9148 8688
8921 9322
9901 8583
4387 7055
9856 9192
8263 9302
3133 7971
9112 9125
3776 7277
9454 1704
8800 8806
9595 1993
9949 7998
9354 9673
7336 3531
9597 8841
1742 9733
4548 6856
4657 3889
4800 6477
8956 9286
2633 8643
8317 2649
7828 9677
2716 8582
6713 4090
9964 7959
8303 9995
9751 9959
9857 8116
8672 9592
8445 9843
5051 5660
7343 3457
6489 4380
8456 9130
8608 9004
4450 6379
1499 9816
9030 9997
9556 8389
9540 8857
6407 4421
7191 3555
9463 8945
5340 5821
8569 2469
4336 6613
8127 9445
8686 8873
1607 9738
2677 8625
8525 2583
2150 9311
8337 9912
4556 6838
7967 9562
4913 6336
8304 9967
3009 8042
3900 4980
9491 8877
9824 8685
9918 8559
8861 9405
9800 8193
8075 9492
1580 9599
1753 9476
8057 9539
9416 8949
9970 1697
3896 7383
4987 6202
4891 5959
9357 8590
9465 9425
8375 9898
9756 8310
9600 8371
9399 9587
8600 9665
8327 9928
8119 9458
9496 8866
8572 9031
8128 9427
9975 9788
8838 8788
9884 9841
1865 9656
9195 8616
8845 2042
3417 7720
9697 8705
5059 6134
3696 7410
4831 6405
7908 9566
9129 8710
9895 9834
8961 8755
6021 4628
9988 9076
4956 5901
8595 9027
9360 8562
4912 5984
6629 4122
9364 8561
7573 9911
8987 9240
2914 8222
9421 8470
6528 4359
3252 7917
5295 5928
9914 9082
9128 9120
9734 1545
9741 1863
3765 7627
5463 5677
7635 9886
8943 9305
9765 8248
8906 9341
9560 8853
9419 8484
2526 8968
8494 9747
7672 3375
9644 8749
9867 8662
8615 9000
9965 8454
8913 9340
9418 8490
9762 8281
8557 9684
