6037500
31
32
44
54
77
106
107
123
190
191
195
210
249
252
266
302
322
361
365
369
394
4870
406
424
425
450
460
467
474
493
551
553
611
697
747
821
834
892
896
921
926
932
949
1036
1038
1044
1059
1060
1075
1082
1119
1156
1200
1214
1217
1261
1268
1269
1294
1297
1303
1321
1326
1332
1340
1399
1406
1434
1484
1506
1557
1562
1566
1586
1597
1608
1634
1638
1640
1654
1668
1676
1677
1683
1744
7376
1797
1839
1850
7424
1861
1894
1896
30
1958
2027
2030
2032
2058
2060
2085
2087
2106
2137
2139
2183
2194
2199
2239
2264
2292
2341
2348
2378
2386
2393
2471
2488
2500
2502
2541
2594
2597
2608
2652
2657
2663
2672
2687
2736
2767
2777
2816
2817
2837
2842
2846
2857
2875
2899
2926
2940
2961
2970
2985
2991
3004
3011
3056
3083
3092
3094
3095
3127
3134
3142
3145
3150
3151
3169
3181
3187
3227
3243
92
3257
3264
3271
3364
3365
3370
6210
3388
3394
3401
3412
3431
3458
3462
3466
3478
3481
3483
3488
3502
3506
3523
3555
3575
3576
3582
3590
3612
3616
3618
3630
3635
3661
3691
3751
3768
3782
3785
3797
3848
3866
3867
3868
3898
3899
3912
3922
3985
4000
4027
4052
4110
4118
4139
4146
4223
4239
4245
4259
4263
4275
4295
4296
4300
4305
4316
4326
4397
4409
4425
4431
4472
4479
4481
4483
4492
4507
4524
4528
4531
4554
4580
4584
4591
4599
4603
4620
4650
4674
4681
4685
4713
4737
4752
4757
4775
4781
4790
4808
6764
4847
4866
4931
4934
4947
4953
4961
4995
5012
5076
5092
7954
5119
5135
5139
5148
5151
5161
5162
5196
5205
5212
5217
5252
5293
5334
5353
5354
5412
5431
5434
5438
5453
5456
5484
5501
5506
5537
5617
5642
5646
5674
5694
5703
5724
5731
5734
5785
5789
5793
5797
5807
5825
5827
5832
5848
5874
5879
5913
5963
5975
5979
6029
6033
6034
6090
6099
6109
6135
6136
6146
6154
6214
6227
6232
6235
6262
6267
6274
6278
6308
6313
6322
6348
6379
6393
6425
6430
6433
6455
6473
6483
6498
6500
6557
6570
6572
6579
6598
6616
6620
6672
6680
6712
6725
6757
6818
6888
6903
6904
6906
6924
6975
7018
7111
7143
7181
7189
7206
7216
7258
7282
7288
7309
7335
7369
7382
7386
7400
7415
7419
7428
7497
7501
7510
7532
7537
7538
7541
7636
7668
7734
7785
7793
7794
7808
7815
7837
7845
7868
7879
7926
7927
7928
7973
8079
8128
8141
8145
8173
8195
8204
187
8230
8260
8278
8288
8318
8331
8366
8369
8374
8383
8401
8425
8430
8435
8447
8486
8490
8497
8498
8501
8511
8529
8541
8550
8555
8559
8652
8671
8740
8783
8786
8793
8802
8825
8827
8856
8871
8891
8894
8899
8900
8926
9010
9015
9042
9097
9113
9123
9127
9143
9242
9249
9264
9293
9343
9350
9376
9409
9651
9413
9414
9461
9497
9546
1919
9568
9570
9579
9586
9691
9706
9711
9720
9727
9747
9751
9758
9763
9810
9811
9819
9831
9862
9871
9886
9896
9914
9915
9921
9928
9933
9948
9958
3
55
61
66
71
78
99
101
114
119
127
128
131
133
140
146
147
150
153
158
167
171
173
180
183
188
196
200
213
219
221
222
231
232
237
246
253
254
256
262
276
284
288
301
321
323
330
331
347
353
1625
358
374
380
389
398
403
407
448
452
453
459
471
482
485
495
510
513
1020
515
517
518
522
523
526
528
530
555
559
563
564
577
579
580
586
587
594
595
601
608
610
618
621
623
627
632
639
640
654
656
661
666
668
675
684
692
695
710
724
728
733
734
736
743
746
749
765
792
795
803
809
812
832
836
852
863
865
875
880
890
891
900
901
910
939
946
948
953
961
963
965
968
990
993
1002
1032
1042
1050
1054
1062
1064
1069
1070
1080
1081
1099
1100
1105
1110
1122
1125
1141
1145
1147
1154
1155
1163
1164
1165
1166
1171
1172
1174
1175
1181
1193
1201
1203
1209
1211
1218
1240
1241
1246
1250
1257
1262
1265
1277
1282
1285
1295
1298
1302
1325
1333
1336
1339
1349
1351
1367
1370
1372
1381
1393
1402
1410
1416
1432
1442
1446
1448
1457
1460
1483
4043
1492
1511
1514
1517
1526
1540
1545
1548
1549
1570
1574
1578
1581
1600
1611
1618
1622
1626
1635
4884
1652
1655
1656
1657
1671
1672
1680
1684
1694
1695
1702
6168
1703
1706
5937
1713
1737
1750
1756
1760
1761
1768
1791
1792
1793
1794
1803
1806
1807
1830
1843
1846
1854
1856
4598
1875
1884
1891
1897
1906
1909
1939
1943
1945
1950
1952
1953
1961
1967
1969
1975
1988
1990
1991
1992
2009
2015
2026
5343
2036
2042
2049
2067
2068
2073
2082
2092
2093
2096
2100
2101
2105
2107
2116
2118
2124
2131
2135
2145
2164
2169
2171
2178
2182
5823
2185
2188
2197
2200
2211
2220
2226
2230
2236
2247
2261
2265
2271
2275
2278
2287
2300
2311
2314
2324
2327
2338
5644
2339
2359
2362
2371
2374
2382
2396
2398
2400
2422
2425
2442
2454
2457
2465
2477
2483
2490
2492
2505
2511
2515
2522
2527
2531
2539
2540
2544
2552
2555
2557
2558
2559
2564
2568
2575
2578
2580
2588
2602
2606
2614
2619
2635
2640
2647
2656
2659
2667
2668
2671
2682
2686
2689
2690
2698
2699
2712
2713
2717
2722
2723
2726
2731
2732
2733
2739
2742
2747
2762
2769
2771
2789
2793
2801
2823
2833
2852
2860
2862
2863
2864
2865
2872
2890
2909
2925
2934
2941
2947
2962
2969
2979
2980
2981
2982
2988
2990
3019
3084
3026
3027
3033
3034
3037
3044
3050
3051
3097
3101
3102
3106
3135
3137
3146
3149
3159
3172
3176
3186
3189
3192
3193
3198
3200
3201
3211
3213
3224
3226
5939
3231
3244
3250
3253
3266
3270
3279
3284
3288
3295
3300
3319
3321
3327
3338
3356
3357
3383
3389
3391
3410
3414
3422
3427
3428
3432
3433
3436
3439
3441
3444
3446
3467
3468
3473
3487
3496
3497
3512
3514
3517
3526
3529
3531
3534
3536
3552
3556
3564
3567
3587
3596
3598
3602
3626
3636
3641
3642
3653
3672
3679
3683
3699
3704
3709
3725
3732
5721
3735
3740
3746
3752
3776
3779
3781
3784
3791
3806
3817
3829
3832
3837
3841
3842
3846
3849
3862
3863
3918
3924
3927
3929
3937
3962
3981
4003
4006
4017
4030
4049
4050
4074
4076
4087
4099
4100
4106
4107
4113
4119
4122
4134
4141
4155
4156
4157
8067
4158
4160
4161
4165
4181
4182
4184
4190
4196
4198
4199
4205
4214
4222
4224
4226
4237
4240
4242
4246
4253
4260
4264
4265
4268
4269
4272
4301
4306
4313
4317
4342
4346
4355
4358
4362
4367
4379
4382
4390
4407
8757
4420
4424
4438
4453
4460
4462
4463
4465
4470
4477
4478
4487
4496
4512
4515
8978
4522
4523
4532
4550
4563
4566
4570
4579
4592
4611
4614
4618
4622
4633
4634
4639
4644
4645
4652
4655
4656
4663
4672
4676
4677
4679
4680
4682
4711
4724
4730
4731
4759
4766
4768
4783
4784
4785
8456
4788
4795
4796
4801
4805
4831
4833
4846
4854
4857
4860
4861
4873
4879
4880
4892
4899
4917
4920
4932
4935
4949
4952
4982
4987
4998
5005
5008
5018
5021
5022
5023
5038
5044
5070
5080
5110
5133
5134
5143
5152
5165
5168
5172
5173
5186
5198
5201
5204
5208
5220
5233
5237
5245
5253
5271
5275
5284
5285
5290
5292
5296
5297
5298
5299
5303
5313
5321
5346
5350
5365
5366
5369
5370
5375
5376
6732
5397
5404
5409
5417
5419
5433
5437
5441
5447
5467
5468
5476
5482
5487
5490
5504
5508
5526
5530
5987
5532
5534
5535
5544
5546
5547
5555
5565
5568
5574
5581
5587
5590
5608
5613
5621
5624
5645
5656
5667
5671
5677
5679
5684
5695
5705
5718
5728
5738
5744
5748
5753
5757
5772
5774
5776
5780
5784
5790
5791
5795
5800
5802
5805
5835
5847
5863
5865
5866
5873
5885
5886
5898
5902
5909
5911
5928
5941
5947
7529
5948
5954
5957
5960
5965
7761
5967
5983
5986
6000
6001
6010
6017
6022
6024
6027
6058
6063
6067
6069
6079
6080
6091
6094
6097
6104
6112
6116
6122
6130
6139
6141
6920
6143
6150
6158
6174
6190
6199
6246
6248
6257
6269
6275
6285
6294
6314
6318
6319
6332
6338
6357
6367
6375
6380
6381
6383
6388
6405
6412
6414
6424
6439
6450
6456
7499
6462
6468
6469
6474
6492
6495
6507
6508
6513
6515
6516
6520
6523
6528
6529
6532
6541
6547
6553
6556
6558
6562
6573
6581
6582
6590
6595
6596
6601
6603
6604
6606
6611
6612
6622
6625
6641
6643
6647
6652
6655
6658
6666
6667
6688
6694
6696
6703
6706
6727
6728
6730
6731
6736
6737
6739
6743
6748
6753
6756
6762
6763
6766
6771
6776
6778
6779
6784
6785
6799
6809
6813
6822
6826
6831
6841
6853
6858
6863
6878
6879
6880
6892
6895
6896
6898
6909
6912
6921
6932
6936
6943
6948
6953
6957
6960
6963
6964
6966
6980
6987
6988
6997
7000
7002
7006
7007
7010
7021
7033
7037
7040
7043
7044
7046
7047
7051
7052
7062
7089
793
7093
7098
7108
7119
7146
7147
7148
7154
7182
7190
7192
7193
7194
7196
7207
7212
7224
7239
7241
7254
7256
7262
7263
7265
7266
7286
7289
7308
7310
7311
7313
7318
7320
7357
7362
7374
7375
7387
7394
7397
7408
7410
7411
7425
7426
7431
7432
7435
7439
7446
7447
7448
7449
7462
7472
7479
7481
7484
7490
7493
7494
7503
7530
7534
7547
7553
7562
7566
7588
7589
7593
7603
7616
7623
7624
7640
7642
7643
7645
7655
7665
7674
7675
7682
7692
7696
7701
7703
7718
7721
7722
7723
994
7727
7733
7749
7751
7755
7760
7763
7770
7772
7773
7779
7799
7801
7804
7805
7809
7813
7821
7825
7826
7827
7831
7832
7833
7841
7844
7849
7860
7867
7869
7877
7880
7895
7898
7899
7907
7911
7922
7933
7942
7943
7950
7952
7953
7956
7958
7963
7964
7976
7984
7988
7990
7993
7997
8000
8003
8011
8014
8020
8029
8037
8043
8046
8053
8054
8057
8072
8073
8074
8076
15
8083
8089
8104
8115
8124
8129
8133
8137
8142
8144
8147
8156
8167
8170
8178
8183
8187
8207
8213
8225
8235
8242
8244
8253
8259
8262
8263
8281
8282
8283
8285
8290
8324
8339
8365
8370
8372
8381
8390
8392
8394
8400
8402
8404
8405
8407
8408
8424
8432
8458
8459
8460
8462
8465
8467
8469
9085
8472
8479
8483
8491
8502
8506
8521
8522
8531
8566
8571
8572
8577
8583
8587
8607
8612
8615
8617
8624
1606
8630
8632
8633
8635
8638
8661
8663
8668
8674
8693
8695
8699
8705
8708
8710
8716
1445
8725
8728
8729
8730
8741
8744
8750
8752
8777
8779
8781
8784
8800
8806
8808
8809
8810
8812
8814
8816
8824
8829
8832
8833
8835
8836
8837
8838
8846
8851
8869
8877
8883
8885
8888
8902
8910
8911
8916
8921
8930
8932
8936
8938
8944
8946
8947
8952
8963
8971
8976
8979
8988
9002
9006
9016
9017
9025
9062
9072
9082
9083
9102
9105
9109
9126
9128
9132
9134
9144
9146
9157
9167
9180
9195
9214
9222
9232
9237
9243
9252
9253
9255
9261
9276
9279
9280
9290
9303
9311
9316
9318
9320
9322
9335
9349
9353
9355
9360
9370
9373
9394
9396
9399
9400
9408
9410
9418
9423
9430
9437
9438
9439
9450
9464
9466
9468
9473
9474
9504
9505
9515
9516
9522
9542
9544
9559
9562
9563
9569
9574
9580
9585
9589
1539
9603
9604
9624
9638
9649
9650
9657
1455
9658
9659
9660
9671
9684
9686
9695
9714
9717
9719
9724
9725
9737
9742
9749
9753
9778
9782
9793
9814
9816
9817
9818
9832
9835
9845
9849
9853
9858
9893
9902
9905
9920
9922
9924
9931
9936
9957
9961
9963
9966
9972
9978
9982
9983
9985
9995
9996
9997
9999
1
2
8
10
11
16
17
23
28
29
38
47
50
56
57
76
81
84
88
90
108
109
110
117
120
122
126
130
132
142
144
148
149
151
154
157
160
162
164
2304
165
186
197
204
206
207
211
212
214
217
224
226
236
241
243
250
255
264
267
274
275
630
281
285
292
303
312
313
314
315
317
318
319
324
325
329
333
334
336
340
343
344
348
349
352
357
362
364
367
373
375
396
400
411
412
414
416
420
435
437
444
449
451
454
461
472
480
481
484
490
498
500
501
503
504
516
3335
527
533
535
537
544
550
552
560
561
566
583
589
596
599
600
604
605
607
609
612
613
615
616
622
634
636
647
659
662
667
670
677
678
681
3609
689
690
700
3269
703
704
705
706
721
732
740
742
751
752
755
758
760
764
3730
775
779
786
788
790
794
797
807
810
815
822
828
840
841
842
850
864
873
879
884
903
907
909
911
912
922
925
929
930
2798
933
934
952
956
966
971
972
973
975
978
979
980
983
997
1000
1005
1007
1015
1021
1022
1027
1028
1030
1039
1047
1051
1053
1056
1061
1065
1071
1083
1084
1289
1086
1089
1092
1094
1095
1097
1098
1103
1108
1109
1111
1124
1128
1130
1133
1135
1140
1142
1144
1148
2210
1151
1153
1158
1159
1167
1168
1177
1178
1180
1185
1189
1191
1207
1208
1223
1224
1239
1247
1248
1251
1252
1253
1258
1260
3799
1279
1280
1284
1288
1296
1301
1304
1305
1306
1308
1309
1312
1317
1318
1322
1327
1331
1338
1346
1353
1356
1358
1361
1366
1368
1371
1375
1377
1378
1379
1380
1383
1385
1388
1390
1396
1398
1838
1403
1405
1412
1413
1417
1421
1422
1425
1427
1430
1438
1439
1447
1449
1452
1459
1461
1462
1475
3767
1476
1477
1481
1487
1488
1490
1494
1496
1505
1508
1509
1521
1523
1527
1529
1532
1533
1537
1538
1541
1543
1564
1571
1577
1580
1582
1587
1591
1592
1599
1612
1619
1621
1629
1630
1633
1636
1641
1642
1644
1653
1658
1660
1662
1681
1687
1689
1692
1696
1705
1712
1716
1724
1725
1727
1731
1738
1739
1743
1745
1751
1753
1755
1758
1766
1769
1777
1783
1786
1790
1796
1809
1811
1821
4640
1822
1826
1840
1844
1848
1851
1852
2206
1862
1864
1877
1882
1883
1888
1898
1900
1903
1907
1912
1913
1914
1922
1923
1925
1926
1927
1929
1937
1941
1944
1959
1960
1965
1976
1981
1995
1997
2003
2004
2007
2012
2017
2024
2025
2028
2041
2047
2051
2052
2054
2055
2057
2066
2069
2071
2091
2094
2103
2113
2114
2115
2128
2129
2871
2130
2132
2140
2141
2150
2162
2165
2166
2168
2170
2172
3021
2173
2174
2176
2177
2181
2184
2187
2196
2198
2203
2212
2215
2222
2224
2227
2228
2240
2241
2252
2254
2259
2267
2274
2277
2281
2294
2297
2302
2305
2315
2316
2319
2322
2323
2328
2329
2331
2332
2333
2334
2335
2336
2342
2345
2354
2356
2361
2363
2369
2381
2384
2390
2392
2402
2403
2405
2406
2410
2411
2412
2413
2415
2418
2419
2421
2427
2436
2438
2443
2458
2463
2466
2469
2470
2472
2473
2476
2479
2480
2484
2485
2486
2487
2493
2494
2508
2510
2512
2518
2523
2526
2529
2537
2550
2553
2556
2561
2569
2574
2577
2584
2587
2591
2596
2601
2626
2628
2633
2638
2643
2653
2658
2660
2669
2670
2673
2676
2678
2680
2694
2702
2703
2705
2706
2709
2721
2725
2728
2729
2737
2741
2744
2745
2751
2753
2754
2779
2780
2795
2797
2799
2803
2811
2830
2843
2844
2853
2856
2861
2870
2874
2876
2877
2878
2880
2884
2885
4722
2888
2895
2905
2906
2907
2911
2915
2918
2920
2921
2922
2927
2930
2931
2949
2959
2964
2973
2976
2978
2987
4519
5230
2989
2994
2996
2997
3005
3007
3008
3029
3032
3035
3038
3039
3041
3054
3059
3064
3070
3081
3087
3088
3089
3093
3096
3098
3109
3114
3115
3116
3118
3125
3128
3130
3138
3139
3140
3143
3147
3157
3168
3170
3173
3175
3178
3182
3191
3199
3206
3207
3216
3218
3219
3229
3230
4443
3236
3238
3239
3254
3267
3272
3275
3276
3278
3280
3292
3297
3309
3313
3315
3317
3322
3328
3337
3348
3349
3351
3352
3353
3366
3371
3374
3378
3379
3380
3393
3396
3397
3398
3403
3411
3416
3417
3418
3426
3435
3440
3443
3451
3453
3470
3471
3475
3484
3485
3501
3513
3525
3527
3530
3535
3538
3543
3547
3548
3550
3560
3565
3566
3812
3569
3573
3574
3578
3579
3584
3591
3595
3601
3610
3611
4782
3615
3621
3623
3629
3633
3634
3638
3648
3662
3665
3671
3673
3682
3684
3686
3689
3690
3693
3695
3698
3701
3705
3707
3708
3710
3712
3713
3714
3719
3723
3724
3728
3729
3739
3741
3745
3747
3757
3762
3763
3766
3773
3786
3790
3792
3793
3794
3808
3810
3814
3816
3818
3823
3826
3838
3845
3847
3851
3852
3856
3864
3872
3873
3878
3880
3881
3890
3891
3892
3894
3896
3904
3914
3916
3921
3925
3932
3934
3936
3944
3946
3948
3949
3952
3953
3954
3956
3959
3961
3964
3967
3972
3978
3979
3986
3991
4005
4007
4011
4012
4013
4018
4022
4023
4026
4037
4044
4047
4054
4055
4056
4059
4061
4066
4072
4088
4090
4092
4094
4096
4101
4120
4123
4130
4132
4137
4147
4148
4149
4151
4153
4163
4167
4174
4175
4176
4178
4179
4188
4189
4191
4200
4225
4247
4249
4251
4254
4256
4257
4258
4274
4278
4281
4283
4286
4290
4292
4293
4294
4297
4299
4309
4310
4311
4312
4315
4318
4321
4323
4325
4329
4330
4332
4333
4339
4343
4347
4351
4353
4357
4375
4378
4380
4381
4387
4388
4389
4395
4396
4403
4410
4412
4413
4414
4415
4416
4419
4423
4427
4429
4430
4432
4434
4435
4436
4441
4456
4459
4461
4464
4467
4469
4474
4476
4480
4482
4485
4488
4489
4491
4494
4495
5798
4499
4502
4508
4510
4520
4529
4538
4542
4544
4545
4549
4553
4556
4557
4558
4559
4564
4565
4571
4576
4583
4600
4601
4604
4608
4610
4616
4623
4626
5004
4630
4635
4653
4657
4658
4667
4671
4673
4675
4689
4691
4692
4696
4697
4703
4706
4707
4708
4712
4728
4736
4739
4740
4741
4747
4748
4750
4754
4758
4770
7523
4774
4789
4794
4798
4804
4807
4813
4815
4997
4818
4828
4830
4832
4840
4844
4855
4863
4867
4868
4875
4882
4883
4886
4888
4894
4898
4900
4902
4903
4904
4910
4911
4913
4922
4933
4937
4939
4942
4944
4957
4963
4973
4974
4980
4984
4991
4996
4999
5000
5001
7618
5002
5011
5013
5015
5016
5017
5026
5029
5034
5035
5049
5056
5061
5067
5073
5081
5088
5093
5099
5101
5107
5113
5115
5120
5121
5124
5125
5127
5128
5129
5136
5141
5145
5150
5156
5158
5159
5171
5177
5180
5181
5184
5192
5195
5202
6349
5215
5218
5221
5222
5223
5229
5232
5238
5239
5241
5242
5243
5249
5250
5260
5264
5266
5268
5273
5278
5281
5286
5288
5289
5302
5306
5307
5309
5312
5317
6715
5318
5322
5324
5331
5332
5333
5339
5341
5342
5348
5352
5355
5357
5358
7344
5374
5378
5384
5391
5395
5396
5402
5406
5415
7554
5420
5422
5423
5428
5430
5440
5452
5454
5455
5464
5469
5470
5472
6310
5475
5483
5486
5488
5498
5509
5519
5521
5529
5531
5539
5543
5545
6195
5553
5554
5560
5570
5573
5578
5592
5598
5599
5600
5601
5603
5606
5610
5614
5615
5620
5623
5627
5635
5649
5654
5655
5672
5673
5681
5689
5693
5702
5709
5713
5717
5729
5735
5736
5739
5745
5746
5752
5760
5763
5771
5779
5783
5799
5801
5804
5806
5810
5812
5814
5817
5824
5828
5831
5845
5849
5854
8066
5857
5861
5869
5877
5881
5899
5900
5901
5904
5912
5920
5925
5932
5935
5938
5946
5951
5952
5953
5955
5958
5962
5974
5977
5981
5982
5989
5990
5992
5997
6004
6005
6012
6026
6043
6053
6059
6060
6064
6065
6066
6070
6072
6074
6082
6086
6089
6092
6100
6101
6105
6111
6114
6117
6120
6133
6138
6140
6142
6698
6144
6149
6151
6153
6155
6156
6160
6662
6164
6165
6167
6177
6185
6191
6197
6202
6204
6206
6208
6209
6213
6218
6220
6228
6229
6233
6236
6241
6242
6243
6249
6251
6254
6263
6266
6272
6276
6280
6282
6286
6292
6296
6297
6303
6305
6320
6321
6327
6329
6335
6336
6339
6340
6347
6355
7485
6361
6366
6378
6382
6385
6390
6391
6394
6407
6410
6416
6420
6426
6428
6435
6438
6440
6442
6446
6452
6458
6459
6463
6464
6465
6467
6475
6476
6479
6481
6488
6493
6496
6501
6510
6512
6514
6524
6527
6535
6539
6543
6548
6549
6555
6560
6563
6567
6574
6576
8738
6584
6593
6607
6610
6617
6623
6628
6629
6630
6632
6635
6642
6644
6645
6649
6651
6657
6663
6664
6665
6673
6676
6678
6682
6685
6687
6693
6695
6700
6710
6744
6745
6747
6750
6754
6755
6758
6768
6770
6789
6790
6794
6796
6801
6803
6804
6805
6808
6819
6824
6830
6833
6838
6845
6852
6855
6857
6859
6865
6870
6877
6884
6894
6900
6908
6910
6916
6917
6922
6928
6929
6930
6931
6939
6940
6946
6947
6952
6955
6956
6958
6970
6972
7360
6973
6981
6983
6984
8371
6989
6999
7003
7009
7011
7014
7028
7031
7034
7036
7038
7042
7045
7059
7060
7061
7063
7385
7069
7074
7082
7086
7090
7095
7097
7106
7112
7114
7115
7120
7123
7126
7127
7128
7134
7136
7138
7140
7144
7145
7151
7152
7153
7157
7163
7165
7167
7168
7171
7173
7183
7186
7188
7199
7209
7221
7225
7226
7230
7232
7238
7242
7248
7259
7264
7273
7275
7276
7277
9977
7290
7294
7296
7297
7302
7307
7315
7321
7323
7325
7326
7328
7333
7334
7337
7340
7341
7345
7346
7347
7351
7352
7353
7355
7356
7365
7370
7371
7377
7381
7383
7403
7405
7412
7413
7421
7427
7434
7442
7445
7452
7455
7456
650
7458
7460
7474
7477
7480
7496
7505
7511
7514
7515
7520
7524
7531
7540
7542
7543
7544
7546
7550
7557
7567
7568
7570
7571
7577
7582
7584
7585
7591
7594
7596
7602
7604
7607
7608
7611
7619
7625
7632
7634
7639
7647
7658
7659
7661
7672
7680
7683
7688
7697
7702
7705
7707
7709
7711
7712
7850
7713
7716
7717
7725
7729
469
7732
7747
7753
85
7754
7756
7767
7771
7780
7781
7790
7795
7802
7803
7810
7816
7817
7820
7823
7824
7834
7842
7843
7848
7855
7857
7861
7862
7872
7876
7888
7892
7896
7897
7901
7912
7915
7930
7932
7948
7970
7979
7980
7982
7987
7991
9919
8002
8004
8009
8016
8017
8025
8026
8027
8031
8032
8033
8035
8039
8044
8047
8048
8052
8055
8056
8058
8061
8064
8765
8069
8078
8081
8086
8090
8091
8094
8105
295
8111
8112
8118
8123
8125
8127
8135
8148
8149
8154
8158
8159
8480
8166
8175
8179
8181
8188
8198
8210
8214
8221
8229
152
8232
8233
8237
8246
8252
8255
8257
8264
8266
8273
8275
1088
8277
8280
8291
8300
8303
8304
8311
8312
8315
8316
8317
8319
8320
8328
8330
8342
8345
8346
8349
8356
8359
8361
8382
8387
8399
8415
8420
8422
8423
8427
8433
8438
8440
8442
8443
8445
8471
8478
8482
8484
8485
8492
8499
8500
8503
8518
1074
8526
8530
8532
8533
8536
8537
8539
8548
8552
8554
8562
8581
8582
8584
8590
8591
8601
8613
8614
8618
8623
8626
8627
8634
8636
8637
1300
8640
8641
8642
8644
8646
8649
8653
8657
8660
8665
8672
8675
8679
8680
8685
8688
8689
8694
8700
8702
8704
65
8718
8733
8734
8742
8745
8747
8749
8759
8763
8769
8770
8782
8785
8791
8818
8819
8821
8826
8834
8848
8849
8854
8858
1729
8859
8865
8867
8868
8873
8874
8875
8878
8884
8889
8893
8895
8904
8905
8912
8915
8917
8929
8931
8948
8949
8951
8953
8954
8956
8957
8962
8966
8973
8981
8982
8991
9007
9013
9023
9028
9030
9033
9034
9038
9044
9046
9047
9052
9056
9059
9069
9070
9094
9096
9099
9108
9112
9114
9119
9121
9122
9124
9130
9133
9140
9142
9147
9155
9156
9161
9165
9166
9174
9177
9182
9183
9187
9192
9193
9199
9209
9210
9211
9212
9216
9217
9219
9238
9241
9244
9246
9247
9248
9258
9262
9263
9270
9282
9286
9289
9296
9300
9309
9313
9315
9324
9329
9331
9332
9333
9337
9338
9339
9342
9345
9347
9348
9354
9358
9377
9383
9384
9388
427
9391
9397
9401
9402
9405
9412
9416
9420
9422
9426
9428
9429
9435
9440
9443
9444
1341
9452
9459
9463
9467
9469
9470
9476
9478
9481
9486
9490
9494
9496
9509
9512
9513
9514
9525
9527
9528
9531
9532
9536
9537
9540
9545
9547
9551
9553
9555
9556
9561
9576
9582
9588
9592
9593
9595
9599
9607
9609
9611
9619
9623
9628
9629
9644
1008
9652
9653
9655
9656
9669
9672
9673
9674
9678
9685
9698
9702
9703
9715
9716
9732
9735
9736
9740
9745
9759
9769
9771
9779
9781
9791
9794
9800
9801
9812
9820
9822
9828
9836
9837
9838
9846
9869
9872
9874
9875
9887
9892
9897
9899
9900
9904
9906
9910
9917
9926
9932
9938
9939
9951
9956
9970
9975
9976
9980
9990
5
6
7
9
12
20
22
24
25
26
27
36
37
39
42
46
51
59
63
73
80
87
89
93
94
95
97
103
3129
111
116
129
134
138
139
143
145
2186
155
163
166
172
176
179
181
192
194
202
205
215
218
225
233
244
245
263
270
273
277
280
287
297
298
306
310
311
316
335
337
341
342
351
354
359
368
371
376
378
379
384
386
395
397
399
404
1123
409
415
426
429
432
433
434
438
445
446
447
455
456
1363
457
462
463
475
476
477
483
487
488
489
496
497
499
502
507
509
511
512
519
520
521
532
536
540
541
542
543
3515
547
554
557
562
567
575
576
581
582
591
592
597
602
603
614
617
624
625
626
628
635
637
646
648
663
664
665
673
680
687
688
694
698
708
709
711
713
715
718
719
730
739
741
745
750
759
766
774
777
778
783
785
789
791
806
811
813
816
817
820
826
831
837
838
839
846
847
851
854
856
857
861
866
867
870
872
876
877
883
894
897
908
913
915
927
928
931
938
947
964
974
981
982
984
989
999
1003
1010
1012
1017
1019
1026
1033
1035
1037
1464
1046
1052
1067
1072
1073
1079
1091
1096
1106
1115
1121
1127
1129
1131
1134
1146
1152
1161
1162
1169
1184
1188
2160
1194
1195
1196
1197
1198
1204
1210
1216
1219
1222
1225
1227
1228
1231
1233
1235
1243
1245
1263
1264
1267
1270
1272
1273
1275
1276
1278
1281
1286
1287
1290
1293
1310
1313
1314
1316
1320
4046
1324
1328
1335
1342
1347
1374
3260
1376
1389
1391
1392
1394
1395
1401
1408
1420
1424
1429
1431
1433
1435
1437
1440
1443
1444
1453
1454
1456
1458
1463
1466
1467
1470
1471
1472
1474
1485
1495
2301
1498
1500
1501
1503
2958
1507
1513
1524
1525
1530
1534
1535
1544
1547
1555
1559
1560
1563
1565
1567
1568
1569
1575
1579
1583
1585
1589
1590
1598
1601
1605
1607
4086
1617
1623
1631
1643
1645
1651
1661
1663
1664
1665
1667
1669
1678
1690
1697
1698
1700
1701
1707
1718
1721
1726
1732
1734
1742
1747
1748
1762
1765
1772
1773
1775
1779
1780
1785
1801
1810
1814
1817
1825
1827
1828
1835
1845
1847
1849
1855
1859
1863
1865
1866
2258
1868
1869
1870
1871
1872
1879
2749
1889
1890
1892
1893
1895
1901
1902
1905
1911
1917
1921
1936
1946
2293
1948
1951
1954
1955
1963
1964
1970
1971
1972
1979
1980
1984
1987
1989
1994
1996
1998
2002
2005
2006
2010
2014
2018
2664
2020
2023
2031
2035
2037
2038
2039
2040
2044
2045
2053
2056
2062
2065
2072
2076
2078
2079
2080
2509
2083
2089
2090
2095
2097
2098
2104
2122
2125
2133
2136
2138
2142
2144
2149
2156
2159
2163
2167
2175
2180
2193
2195
2201
3563
2205
2207
2208
2209
2214
2216
2219
4962
2223
2225
2231
2235
2237
2245
2248
2250
2260
2262
2269
2276
2280
2284
2285
2288
2291
2296
2298
2303
2307
2312
2318
2326
2337
2340
2347
2349
2351
2352
2357
2358
2360
2364
2365
2367
2368
2379
2385
2387
3413
2388
2395
2397
2401
2404
2407
2409
2417
2420
2423
4473
2424
2426
2428
2433
2437
2440
2441
2452
2456
2460
2461
2474
2489
2497
2501
2513
2514
2519
2520
2524
2532
2536
2543
2545
2548
2563
2567
2573
2581
2589
2590
2593
2598
2609
2611
2613
2615
2618
2620
2623
4406
2624
2625
2632
2642
2644
2646
2654
2655
2662
2665
2679
2685
2688
2700
2704
2710
2715
2718
2734
2746
2748
2752
2756
2757
2758
2760
3015
2763
2764
3772
2768
2774
2785
2788
2791
2800
2804
2807
4439
2814
2819
2821
2828
2829
2834
2835
2838
2847
2848
2858
2859
2868
2882
2883
2887
2889
2891
2898
2900
2908
2913
2917
2919
4322
2928
2929
2933
2937
2938
2945
2950
2953
2954
2956
2963
2965
2968
2971
2972
5638
2974
2977
2983
2995
3001
3002
3003
3009
3010
3012
3016
3020
3024
3025
3031
3043
3049
3053
3055
3058
3065
3068
3075
3076
3077
3079
3085
3090
3104
3105
3110
3112
3117
3121
3124
3131
3144
3152
3154
3163
3171
3174
3190
3195
3208
4073
3212
3214
3223
3225
3232
3235
3237
3240
3246
3247
3258
3261
3263
3265
3268
3273
3274
3282
3283
3296
3303
3305
3310
3314
3316
3320
3323
3324
3325
3326
3331
3334
3336
3341
3347
3354
3362
3363
3372
3375
3377
3382
3395
3399
3405
3406
3408
3409
3420
3430
3448
3449
3452
3454
3455
3456
5883
3459
3463
3469
4036
3474
3482
3486
3492
3493
3495
3498
3503
3504
6565
3505
3511
3520
3524
3537
3541
3544
3549
3553
3558
3559
3561
3570
3577
3583
3588
3589
3592
3593
3605
3606
3607
3619
3622
3627
3631
3639
3640
5340
3644
3654
3657
4606
3664
3668
3670
3675
3677
3685
5385
3688
3694
3703
3706
3711
3715
3716
3718
3720
3737
3743
3748
3749
3753
3759
3760
3764
3769
3770
3777
3780
3789
3796
3798
3801
3802
3804
3807
3811
3813
3820
3821
3822
3824
3825
3827
3833
3835
3844
3857
3858
5906
3859
3861
3865
3870
3875
3876
3884
3885
3887
3888
3895
3897
3900
3902
3905
3907
3909
3910
3917
3928
3933
3939
3945
3950
3955
3957
3965
3968
3969
3971
3974
3975
3987
3989
3992
3994
3997
4004
4008
4009
4015
4016
4024
4025
4028
4029
4032
4038
4040
4048
4060
4062
4064
4065
4070
4075
4081
4082
4083
4085
7240
4089
4098
4102
4103
4104
4105
4115
4967
4117
4124
4131
4136
4138
4143
4150
4154
4162
4169
4183
4185
4186
4192
4193
4197
4206
4210
4212
4218
4220
4221
4229
4230
4232
7087
4235
5291
4238
4243
4244
4248
4250
4252
4255
4266
4271
4280
4285
4302
4307
4320
4327
4334
4337
4338
4340
4349
4354
4360
4364
4368
4370
4371
4372
4377
4385
4386
4391
4417
4428
4445
4447
4450
4458
4466
4471
4484
4486
4490
4493
4498
4501
4503
4504
4509
4517
4525
5762
4526
4535
4536
4539
4546
4547
4560
5045
4561
4567
4572
4581
4586
4589
4594
4602
4605
4612
4615
4617
4627
5737
4632
4642
4643
4648
4649
4659
4661
4670
4683
4684
4686
4687
4693
4694
4704
4714
4725
4726
4729
4732
4734
4743
4753
4756
4762
4767
4769
4772
4777
4787
6411
4791
4793
4803
4806
4810
4811
4817
4819
5998
4821
4822
4829
4835
4838
4841
4843
4850
4864
4871
4877
4878
4881
4887
8005
4893
7249
4896
4901
4909
4915
4925
4926
4945
4950
4954
4965
4969
4970
4977
4979
4986
4993
5019
5024
5025
5028
5030
5033
5039
5040
5042
5048
5659
5052
5054
5057
5058
5063
5065
5069
5074
5077
5102
5104
5114
7139
5117
5118
5130
5137
5140
5142
5144
5149
5153
5154
5155
5163
5164
5178
5185
5187
5194
5203
5206
5207
5219
5231
7492
5235
5240
5251
5257
5259
5263
5267
5269
5916
5272
5279
5294
5300
5305
5311
5319
5320
5326
5327
5329
5335
5337
5344
5359
6448
5371
5372
5373
5377
5379
5380
5381
5383
5387
5389
5394
5398
5399
5408
5413
5416
5418
5421
5424
5432
5435
5442
5582
5449
5450
5451
5457
5465
5466
8604
8219
5477
5480
5481
5495
5496
5502
5510
5513
5517
5524
5540
5541
5542
5548
5549
5550
5551
5557
5579
5583
5588
5589
5591
5596
5604
5609
5612
5616
7679
5625
5628
5629
5630
5631
5632
5639
5651
5657
7278
5658
5662
5663
5668
5678
5682
5686
5687
5691
5696
5700
5701
5712
5715
5850
5730
5733
5740
5741
5743
5747
5749
5750
5755
5761
5764
5765
5777
5778
5809
5818
5833
5834
5838
5839
5841
5843
5851
5855
5856
5858
5859
5867
7894
5868
5871
5872
5876
5878
5884
5893
5894
5905
5907
5908
5915
5917
5918
5922
5924
5926
5940
5945
5949
5950
5961
5964
7648
6708
8919
5966
5971
5972
5973
5976
5978
5988
5993
5994
6006
6007
6008
6009
6011
6013
6014
6016
6018
6019
6020
6025
6032
6035
6036
6039
6040
6041
6042
6044
6045
6046
6048
6050
6061
6071
6077
6081
6083
6085
6088
6093
6096
6098
6102
6106
6108
6110
6115
6125
6126
6127
8001
6131
6134
6137
6147
6148
6171
6172
6175
6179
6180
6182
6183
6186
6193
6194
6205
6211
6215
6219
6222
6237
6245
6252
6255
6256
6259
6268
6271
6273
6277
6281
6289
6291
6295
6298
6301
6307
6311
6315
6316
6325
6328
6330
6333
6334
6337
6343
6345
6346
6353
6354
6356
6358
6360
6363
8220
6364
6372
6376
6377
6386
6389
6392
6399
6401
7487
6402
6403
6404
6417
6421
6427
6441
6449
6451
6453
6454
6470
6478
6482
6486
6487
6489
6502
6503
6504
6505
6511
6518
6521
6525
6531
6536
6538
8335
6559
6561
6569
6571
6577
6580
6585
6586
6587
6592
6597
6600
6608
6609
6614
6618
6619
6637
6653
6654
6656
6661
6668
6670
6677
6679
6686
6690
6691
6701
6702
6704
6714
6718
6719
6720
6723
6724
6729
6735
6740
6742
6746
6751
6759
6765
6767
6769
6773
6777
6780
6782
6783
6791
6806
6814
6816
6821
6832
6837
6839
6840
6847
6848
6851
6854
6864
6866
6869
7113
6871
6873
6876
6883
6886
6887
6889
6890
6891
6897
6899
6925
6926
6937
6938
6941
6944
6950
6951
6959
6961
8620
6969
6974
6977
6982
6985
6992
6995
7001
7005
7015
7017
7022
9785
7023
7025
7029
7032
7035
8298
7041
7049
7056
7057
7058
7066
7068
7072
7078
7079
7083
7092
7099
7504
7100
7103
7121
7130
7131
7135
7149
7150
7156
7159
7172
7175
7176
7177
7178
7185
7191
9424
7201
7204
7205
7208
7210
7217
7223
7228
7231
7235
7237
7243
7244
7245
7246
7250
7253
7257
7260
7261
7268
7271
7274
7281
7285
7291
7292
7293
7298
7299
7300
7303
7306
7322
7330
7331
7336
7339
7342
7359
7366
7373
7378
7384
7388
7392
7406
7416
7420
7422
7433
7438
7441
7443
7450
7451
7457
7463
7467
7476
7482
7483
7495
7500
7506
7507
7508
7517
7521
7522
7526
7533
7535
209
9705
7545
7548
7549
7551
7552
7555
7559
7560
7561
7574
7575
7576
7598
7601
7606
7615
7620
7622
7629
7631
7635
7651
7652
7654
7657
7660
7662
7664
7666
7673
7678
7684
7686
7690
7691
7693
7694
7695
7698
7699
7715
7726
7730
7741
7743
7744
7745
7750
7762
7764
7774
7776
7782
7891
7784
7786
7787
7796
7797
7800
1238
7806
7814
7822
7829
7830
7835
7846
7851
7854
7858
7859
7864
7865
7866
7875
9091
7885
7886
7887
7900
7902
7904
7909
7910
7913
7914
7918
7919
7924
7939
7941
7944
7947
7949
7962
7965
7967
7971
7975
7978
7983
7985
7989
7994
7995
7999
8006
8008
8012
8019
8028
8034
8041
8051
8059
8063
8065
8068
8070
8707
8088
8092
8107
8117
8119
8126
8134
8146
8157
8162
8164
8171
8174
8176
8186
8189
8191
8194
8197
8199
8217
8226
8227
8231
8234
8238
8240
8241
8247
8254
8267
8269
8271
8274
8276
8279
8287
8289
8302
8307
8308
8313
8314
8329
8332
8336
8337
8352
8357
8358
8363
8367
8368
8376
8386
8391
8395
8403
8412
8414
8428
8429
8444
8449
8453
8461
8463
8466
8473
8476
8493
8494
8496
9058
8505
8508
9479
8510
1360
8519
8524
8527
8528
8540
8545
8546
8549
8558
8561
8563
8569
8576
8579
8585
2126
8586
8594
8596
8598
8600
8603
8608
8616
8619
8639
8643
8645
8647
8651
8654
9068
8658
8664
8666
8667
8670
8673
8692
8697
8698
8703
1078
8715
8717
8721
8726
8732
8739
8743
8746
8748
8751
8755
8758
8761
8762
8766
8767
8771
8774
8775
8776
8778
257
8788
8804
8805
8807
8811
8820
8823
8970
8830
8831
8840
8841
8844
8845
8847
8850
8855
8857
8860
8861
8863
8864
8876
8881
9762
8892
8901
8907
8913
8914
8918
8928
8939
8943
8950
8955
8960
8961
8965
8972
8975
8990
8993
8997
304
8998
9003
9004
9005
9008
9012
9019
9078
9021
9026
9027
9031
9035
9036
9039
9040
9530
9045
9048
9049
9053
9054
9055
9057
9060
9066
9071
9074
9077
9079
9086
9088
9089
9090
9098
9100
9101
9103
9107
9110
9115
9129
9131
2127
9136
9138
9149
9151
9152
9153
9154
9158
9171
9175
9178
9190
9194
9196
2431
9201
9206
9207
9208
9220
819
9224
1478
9225
9227
9239
9240
9259
49
9260
9267
9278
9292
9301
9302
9304
9308
9314
9323
9327
9334
9344
9346
9352
9357
9362
9367
9369
9371
9372
9378
9385
9386
9392
9403
9419
9425
9427
9442
9448
9451
9454
9458
3164
9462
9483
9487
9491
9492
9493
9501
9506
9508
9510
9523
9533
9539
9541
9548
9550
9552
9558
9564
9566
9571
9578
9583
9594
9596
9600
9601
9602
9610
9618
9621
9625
9631
9634
9635
9637
9640
9641
9642
9643
9646
9648
9654
9661
9665
9667
9675
9677
9680
9683
9688
9692
9694
9700
9701
9707
9710
3877
9713
9718
9729
9741
9750
9757
9765
9767
9770
2782
9773
9776
9783
9784
9786
9788
9789
1802
9795
9796
9797
9799
9803
9804
9821
9824
9826
9827
9834
9839
9844
9848
9854
9860
9865
1480
9866
9876
9877
9883
9885
9889
9894
9898
9903
9909
9911
9913
9916
9918
9927
9929
9930
3977
9935
9941
9942
9955
9959
9964
9968
9969
9973
9974
9984
9989
9991
9992
9993
4
19
21
1350
35
40
43
45
48
58
60
67
68
79
104
113
121
124
125
1938
159
161
169
170
174
175
182
2935
184
185
2151
1771
193
208
216
220
228
230
238
239
247
258
268
2693
269
272
278
289
290
291
294
942
296
299
305
309
338
345
356
363
657
366
370
372
377
382
383
401
402
408
3734
419
421
422
431
436
440
465
466
473
2822
479
492
494
505
506
508
524
525
534
1815
539
545
549
558
565
568
573
584
585
593
620
629
638
643
644
652
655
799
658
660
672
674
679
683
685
701
702
716
723
726
729
731
737
744
753
756
763
770
771
781
782
784
798
802
804
818
825
827
2430
830
833
835
843
853
858
859
860
868
871
874
878
881
885
886
888
889
898
914
916
924
935
936
941
945
950
5060
955
959
962
4345
969
991
995
996
998
1561
1001
1006
1011
1016
1023
1041
1048
1049
4836
1066
1068
1076
1087
4133
1104
1114
1120
1126
1132
1136
2849
1137
1138
1143
1149
1150
1170
1173
1176
1179
1183
1190
3108
1682
1199
1212
1221
1226
5116
1229
1232
1234
1242
1249
1254
1256
1259
1266
1271
1299
1307
1315
1319
1329
1330
1345
1833
1348
1354
1357
1365
1373
1387
5474
1397
1400
1414
1415
1418
1419
1423
1426
1428
1436
3761
1441
1479
1482
1489
1491
1493
1499
1502
1834
1512
1515
1519
1531
1553
1558
1572
1576
1588
1593
1595
1603
1609
1613
1614
1616
1627
1632
1649
1650
1666
1670
1673
1674
1675
1685
1686
1691
1693
1704
1708
1711
1714
1715
1719
1728
1730
1735
1754
1757
1759
1764
1770
1774
1782
4376
1787
1789
1795
1808
1812
1813
1816
1818
4733
1820
1831
1832
1853
1860
1873
1878
1880
1885
1886
1908
5602
1915
1916
3308
1920
1930
1932
1942
1974
1977
1983
1985
1993
2008
2013
2016
2019
2033
2050
2061
2077
2084
2088
2108
2110
2112
2120
2134
2153
2155
2161
2179
2191
2202
2218
2232
2234
2242
2246
2249
2251
2253
2255
2256
2263
2266
2283
2286
2299
2306
2308
2310
2313
2321
2343
2346
2350
2370
2375
2377
2380
2391
2394
2399
2416
2429
2432
2447
2448
2449
2451
2459
2462
2464
2468
2475
2482
2491
2495
2498
2499
2503
2504
2507
2516
2542
2546
4851
2551
2554
2562
2566
2570
2579
2595
2599
2600
2605
2607
6331
2616
2622
2629
2645
2648
2661
2674
2677
2683
2684
2691
2692
2696
2697
2707
2708
2711
2714
2716
2719
2740
2743
2750
2755
2761
2773
2783
2784
2786
5980
2790
2796
2805
2806
2808
2812
2813
2818
2825
2827
2831
2832
2836
2840
2845
4637
2850
2851
2855
2867
2869
2879
2892
2893
2894
2903
2912
2916
2924
5427
2932
2939
2942
2943
2946
2951
2957
2966
4719
2992
2999
3006
3013
3017
3018
3022
3028
3036
3040
3042
3046
3047
3048
4717
3052
3062
3067
3069
3071
3072
3082
3086
3099
3103
3113
3120
3122
3136
3141
3148
3155
3160
3161
3162
3165
3183
3262
3188
3194
3197
3202
3203
3215
3217
3220
3222
3233
3234
3245
3255
3256
3277
3281
3289
3290
3291
3293
3294
3298
3299
3304
3306
3312
3318
3330
3332
3343
3345
3350
3358
3369
3381
3385
3400
3402
3424
3438
3442
3445
3450
3457
3461
3464
3476
3489
3490
3499
3500
3507
3508
3509
3510
6326
3516
3518
3519
3970
3521
3528
3540
3545
3546
3551
3554
3568
3603
3614
4455
3620
3625
3628
3632
7170
3645
7343
3646
3655
3666
3674
3678
3680
3696
3697
3700
3717
3727
3731
3738
3744
3755
3756
3758
3771
3774
3778
3788
3795
3800
3805
3815
3834
3836
3843
3854
3871
3874
3883
3889
3893
3903
5577
3906
3920
3930
3935
3938
3940
3942
3951
3958
3960
6545
3966
3976
3980
3983
3990
3993
6537
3996
3999
4001
4010
4020
4031
4042
4051
4058
4067
4068
4080
4084
4091
4093
4114
4116
4121
4125
4126
4127
4128
4129
4140
4145
4152
4159
4164
4166
4170
4171
4173
4177
4195
4201
4202
4203
4204
4207
4208
4213
4215
4216
4217
4227
5458
4231
4234
4261
4267
4270
4273
4277
4279
4282
4284
4287
4291
4303
4304
4319
4331
4335
4336
4350
6793
4352
4361
4365
4366
4373
4374
4383
4398
4399
4411
4422
4426
4433
7070
4437
4444
5708
4446
4448
4449
4457
4468
4475
4500
4505
4511
4513
4516
4530
4533
4534
4537
4543
4555
4573
4577
5448
4578
4595
4597
4607
4609
4613
4621
4625
4629
4636
4641
4646
4654
4662
4665
4668
4669
4678
4690
4695
4698
4699
4700
4701
4702
4705
4709
4710
4718
4720
4721
4723
4727
4744
4746
4749
4755
4760
8452
4761
4771
4773
6828
4778
4779
4780
4786
4792
4799
4800
4809
4820
6881
4823
4824
4826
4834
4837
4845
4848
8597
4849
4859
4872
4885
4891
4906
4918
4924
4927
8489
4928
4929
4938
4940
4941
4948
4955
4956
4964
4968
4972
4981
4985
4989
4990
5414
4992
5007
5009
5010
5014
5020
5041
5043
5050
5051
5062
5068
5071
5072
5075
5079
5082
5085
5087
5094
5095
5096
5097
5100
5103
5108
5109
5112
5123
5330
5126
5146
5160
5170
5175
5176
5182
5188
5189
5190
5191
5199
5200
5209
5214
5224
5225
5226
5227
5228
5248
5265
5274
5276
5277
5280
5287
5304
5316
5323
5336
5338
5347
5349
5356
5363
8543
5367
5368
5386
5392
5401
5819
5403
5410
5411
5425
5426
5429
5443
5461
5462
5463
5471
5478
5485
5489
5491
5497
5499
5515
5516
5522
5523
5525
5528
5533
5536
5552
5556
7269
5558
5559
5562
5563
5569
5571
5575
5576
5584
5586
7407
5594
5595
5597
5611
5626
8160
5633
5634
5640
5641
5643
5648
5660
5664
5666
5685
5690
6849
5692
5697
5704
5706
5710
5716
5719
5722
5725
5726
5727
5742
5766
5767
5768
5769
5770
5775
5781
5782
5786
5787
5788
5794
5796
8488
5803
5816
5821
5826
5830
5844
5852
5853
5860
5862
9842
5880
5889
5892
5895
5897
5910
5914
5919
5923
8896
5931
5933
5934
5942
5944
5956
5959
5984
5995
6002
6021
6030
6038
6047
6051
6056
6062
6078
6087
6107
6113
6124
6132
8364
6145
6152
6162
6163
9581
6166
6169
6173
6176
6178
6181
6184
6187
6189
6198
6200
6201
6203
6207
6212
6217
6223
6224
6225
6226
6234
6238
6239
6244
6247
6250
6253
6260
6264
6265
6270
8353
6284
6287
6293
6299
6302
6304
6306
6309
6342
6352
135
6369
6370
6373
6374
6384
6398
6400
6413
6422
6423
6434
9181
6437
6443
6447
6461
6466
6471
6477
6480
6485
6490
6497
6506
6509
8010
6517
6522
6534
6544
6546
6554
6564
6583
8122
6588
6589
6599
6602
6613
6627
6631
6633
6634
6636
6639
6640
6659
6669
6674
6681
6683
6684
6689
6692
6697
6707
6711
6713
6721
6722
6733
6738
6761
6774
6775
6787
8983
6788
6795
6797
6798
6802
6811
6812
6817
6823
6825
6827
6829
6842
6850
6862
6867
6872
6874
6882
6885
6901
6907
7174
6913
6914
8301
6915
6918
6919
6923
6933
6934
6935
9393
6942
6967
6968
6971
6976
6979
6986
6990
6991
6994
7008
7012
7016
7030
7067
7071
7075
7076
7080
7081
7084
7085
7088
7096
7105
7107
7109
7110
7116
1798
7137
7142
7155
7160
9307
7161
7198
7215
7218
8261
7222
7233
7234
7252
7255
7267
7270
7272
7283
7295
7304
7305
7314
7316
7317
7319
7324
7332
7338
7349
7350
7358
7361
7368
7380
7390
7393
7402
7404
7417
7440
7444
7454
7459
7464
7469
7470
7475
8560
7478
261
8535
7488
7489
7491
7498
201
7512
7513
7516
7527
7539
7556
7558
7564
7565
7569
7572
7578
7579
7580
7586
1934
7592
7597
7600
7610
7613
7621
9950
7626
7638
7646
7649
7656
7663
7670
7681
7685
7704
7706
7708
7710
7714
7728
7738
7746
7748
7757
7758
7759
7766
7778
7783
7791
7792
7807
7819
7828
7838
7839
7847
9863
7852
7881
7882
7883
7893
7923
9433
7931
7936
7937
7940
7946
7955
7957
7961
2815
7968
7972
2467
7981
7996
7998
8015
8018
8021
8022
8023
8024
8030
8036
8515
8042
8045
8286
8050
3721
8062
8077
3060
8082
8084
8085
8087
8095
8096
8100
8106
8110
8116
8120
8130
8131
8138
8139
8143
8155
8161
8163
8169
8172
8177
8182
8184
9411
8192
8193
8201
8202
8206
8208
8209
8222
8223
8228
8239
8251
8270
3210
8272
8292
8294
8296
8309
8310
8322
8323
8325
671
8333
8341
8344
8348
8360
8375
8379
2583
8380
8388
8393
8507
8398
8406
8409
8413
8416
8417
8437
8450
8455
8457
8474
8475
8481
4241
8487
8495
8504
8509
8513
8523
8525
8538
8544
8553
8567
8568
8578
1236
8602
8605
8609
8610
8611
8622
8625
8648
8656
70
8659
8662
8669
8676
8681
8682
8683
8686
8690
9605
8701
8706
8709
8712
8719
8720
8722
8731
8737
8754
8764
8772
8780
8787
8789
8792
8796
8797
4308
8798
8799
8817
8828
8839
8842
8853
8866
8879
8887
8890
8897
8898
9664
8920
8922
8923
8925
8927
8935
8941
8958
8959
8964
8967
8968
8974
8980
8992
8994
8996
8999
9009
9014
9024
9043
9061
9065
9075
9080
9093
9104
9111
9117
9118
9125
3057
9137
9141
9148
203
9150
9159
9162
9164
9168
9185
9186
9188
9189
9191
9198
3663
9202
9213
9215
9218
9223
9226
9228
9235
9245
4895
9251
9254
9256
9257
9268
9271
9275
9284
9285
9288
9299
9306
9328
9330
9336
9351
9359
9363
9366
9368
9374
9375
9381
9387
9389
9404
9407
9415
9421
9432
9434
9436
1824
9441
2952
9446
9449
9453
9455
9456
9465
9471
9472
3656
9482
9489
9498
9499
9502
9511
4071
9517
9518
9521
9524
9535
9549
9554
1584
9565
9567
9572
9573
9575
9577
9608
9612
9613
9614
6444
9616
9617
9626
9632
9639
1749
9645
9647
9668
2330
9670
9679
9681
3600
9687
5479
9693
9696
9699
9709
9721
9726
9739
4994
9746
9752
9754
9766
9768
9772
9790
9798
9802
9805
9808
9813
9815
9823
9825
9833
9841
9856
9859
9861
9864
9867
9878
9884
9890
9891
9907
9912
6023
9925
9943
9944
9945
9946
9947
9952
9953
9954
9967
1063
9971
9979
9981
9986
9987
9988
9998
18
33
34
41
52
53
72
82
91
96
98
105
115
4506
118
4688
136
168
178
199
227
242
248
251
260
271
279
327
339
346
350
355
725
387
388
390
393
410
413
417
430
439
464
468
470
478
491
514
529
548
569
7312
570
571
578
1364
590
631
633
641
642
651
7211
669
676
691
696
699
707
712
714
717
1647
722
754
757
767
772
780
796
805
824
829
848
855
869
882
887
893
902
906
944
7327
951
957
970
977
985
986
1013
1034
1040
1043
1045
1057
1058
1085
1093
1102
1107
1113
1117
1602
1157
1182
1186
1187
1192
1202
1205
1220
1746
1255
1274
1283
1291
1292
5445
1311
2189
4943
1334
1343
1352
1355
1359
1382
1384
1407
1411
1450
1465
1469
1473
1497
1516
1518
1520
1528
1536
1542
1550
1551
1552
1554
1573
1594
1604
4978
1610
1620
1624
1639
1648
1679
1688
1722
1717
1733
1740
1752
8060
1778
1781
1788
1804
1836
1837
1841
1857
1867
1887
1899
1918
1924
1931
1933
1935
1947
1957
1973
1986
2000
2001
2011
2022
2029
2046
2048
2074
2081
2086
2102
5927
2109
2111
2117
2123
2143
2148
2152
2157
2158
2190
2192
2204
2213
2217
2221
2229
2233
2270
2272
2273
2279
2320
2325
7430
2353
2383
2408
2435
2439
2444
2445
2446
2450
2453
2455
2481
2517
2533
2534
2538
8969
2560
9312
2571
2586
2603
2612
2621
2630
2631
2651
2666
2681
2724
2727
2738
2759
2765
2766
2770
8760
2772
2775
2778
2787
2794
2802
2809
2820
2824
2839
2841
2854
2866
2881
2896
2902
2910
2914
2923
2936
7039
2944
2948
2955
2967
2975
2986
2998
3045
3061
3066
3073
3078
3126
572
3132
3156
3158
3179
3180
3185
3204
7653
682
3209
3221
3228
3242
3249
3252
3259
3286
3287
3302
3329
3333
3340
3342
3344
3359
3360
4454
3373
3387
3392
3404
3415
3419
3421
3434
3447
3465
3477
3491
3522
3533
3557
3562
3580
3581
6397
3594
3604
3617
3637
3643
3649
3652
8396
3658
5870
3659
3676
3681
3687
3702
3742
3787
3803
3828
3831
3850
3853
3855
3860
3879
3882
3886
3908
3911
3915
3923
3931
3943
3973
3982
3995
4002
4019
4033
4035
4039
4041
4045
4063
4079
4097
4108
4109
4111
4112
4135
4172
4180
4194
4209
4211
4228
4233
4236
4289
4324
4341
4344
4348
4356
4359
7536
4363
4369
4393
4394
4400
4401
4402
4404
4405
4408
4421
4442
6258
4521
4527
4548
4552
4562
4574
4575
4582
4585
4587
4588
4590
4593
4619
4628
4647
4664
4666
4715
4735
4763
4797
4802
4812
4816
4842
9230
4852
4862
4874
4889
4897
4907
4908
4912
5283
4921
4923
4930
9663
4936
4971
4976
4983
5003
5032
5036
5053
5064
5084
5090
787
5091
5098
5106
5111
5131
5138
5166
5167
5169
5179
5197
5210
9485
5211
9584
5213
5216
5236
5246
5247
5254
5256
5258
2826
6945
5262
5270
5282
5325
5345
5360
5364
5382
5390
5407
5439
6419
5444
5459
7818
5460
5492
5493
2059
5494
5500
5505
6675
5507
5514
5518
5520
5564
1646
5566
5572
5580
5593
5605
3754
5607
5618
5636
5970
5647
5650
5652
5661
5665
4776
5670
5676
5680
5688
5707
5720
5732
5756
5758
5759
137
5792
5811
5813
5815
5820
5836
5837
5840
5842
5864
5891
2627
5903
5921
5943
6015
6031
6037
6054
6055
6073
6075
6076
6095
6118
6121
6128
6170
6196
6216
6221
6230
6283
6288
6317
1876
6323
6324
2268
6344
6351
9063
1628
8299
6359
6362
6368
6406
6408
6409
6418
6429
6431
5086
6432
6484
6491
6499
6526
6533
6542
6575
6578
6615
6621
6671
6717
6726
6749
6752
6760
7102
6781
6807
6810
6835
6836
6846
6860
6861
6868
6893
6905
6911
6927
6954
6993
6998
7013
7019
7020
7024
7026
7027
7050
7064
7065
7073
7091
7117
7122
7133
7158
7169
7720
7180
7195
7200
7202
7214
8389
7905
7219
7227
7229
7236
7247
7280
7301
7329
7363
7364
7367
7391
7395
7396
7398
7399
7414
7429
7436
7437
7453
7461
7465
7466
7468
7471
7473
7486
7509
9755
7518
7525
7528
7563
7581
7590
7605
7609
7614
7617
7627
7628
7637
937
7644
7667
7671
7677
7687
905
7689
7731
7736
7739
7742
7768
7775
7788
7812
7836
7179
7840
7853
7870
7871
7348
7873
7874
7890
7903
7906
7908
7921
7925
7929
7934
405
7945
7960
7966
7969
7974
7986
7992
8007
8013
8071
8075
8097
8098
8101
8103
8108
8114
8121
8132
8136
8150
8151
8152
8153
9406
8180
8196
8200
8203
8215
8216
8218
8224
8236
8243
9873
8248
8249
8258
8268
9852
8295
8305
8326
8343
8355
8373
8377
486
8397
8411
8419
8434
8436
8441
9431
8446
8448
8470
8477
8512
8514
8517
8534
8542
8547
8556
8557
8564
8570
8573
8575
8580
2886
8592
8593
8595
8599
9018
8628
8631
8655
8678
8691
3608
8696
8713
8714
8723
8724
8727
4452
8735
8736
8756
2610
8773
8790
8794
8795
8803
8815
8843
6996
8852
8862
8870
8872
3361
8882
8906
8933
8937
8940
8942
8977
8984
8987
9000
9020
9029
9032
5393
9076
9095
9120
9135
9169
9172
9179
9197
6716
9200
9203
9229
9231
9236
9250
9266
5046
9272
9287
75
9297
9298
9310
9317
7737
9319
9321
9341
9356
9364
9379
9380
9390
3998
9395
4168
9417
9447
9480
9484
9488
9495
9503
9519
9529
9534
9538
9557
9560
9587
9590
9591
9620
9622
9630
9633
9636
9682
9689
9690
9697
9708
9712
9722
9730
9731
9733
9743
9744
9760
9780
9806
9809
4262
9829
9830
9843
9847
9850
9851
7798
9855
9870
9879
7094
7124
9901
9908
9962
9965
9139
10000
13
960
64
83
156
177
198
229
6371
234
235
240
282
283
286
293
300
307
308
326
332
360
385
392
418
428
441
8093
443
458
531
1451
546
8321
588
619
645
5089
653
3390
693
720
727
735
762
769
773
776
800
801
814
849
895
4069
899
904
918
919
923
954
967
1014
1018
1024
1025
1055
1077
5234
6800
1112
1116
1118
1139
1213
1215
1244
1323
1337
1369
1386
1409
1468
1504
7583
1522
1546
1556
1659
1720
1723
1741
1767
1776
1784
1800
1805
1823
1829
1881
1910
1940
1949
1962
1966
1982
1999
2021
2070
2075
2119
2154
2243
2244
2257
2282
2289
2290
2295
2309
2317
2344
2355
2376
2389
2414
2434
2478
2496
2506
2521
2525
2528
2535
2547
2549
2572
1874
2585
2637
2641
2649
2650
2675
2730
2735
2781
2810
2873
2897
2063
2901
2904
1344
2960
2993
3000
3074
3119
3123
3133
3184
3196
3205
3241
3301
3532
3311
3346
3355
3407
3423
3429
1819
3437
3479
3480
3494
3539
3571
3585
9923
3586
3597
9597
6519
3599
3613
3650
3660
3692
3726
7129
3733
3736
3783
3819
3839
3840
3869
3901
3963
4014
4021
4034
4053
4077
4142
4219
4298
4328
5436
4384
7856
4440
4451
4540
4541
4551
4624
4631
4716
4738
4751
4764
4814
4853
4869
8439
4890
4905
4916
4946
4951
4958
4959
4960
4988
9092
5047
5055
5059
5083
5132
5157
5174
5193
5244
8431
4596
5255
5261
5295
5308
3947
5315
5328
5351
5400
5405
5446
5511
5527
5538
5561
5585
5653
5683
5698
5699
5714
5723
5754
9173
5773
5808
5829
5875
5882
5887
5888
5929
5936
5968
5969
5999
6003
6049
6052
6057
6084
6103
6123
6157
6159
6161
6231
6240
6279
6312
6646
6341
6350
6387
6396
6436
6445
6460
6550
6551
8256
6568
6591
6594
6605
6626
6638
6648
6705
6709
6734
6741
6786
6820
6834
6843
6844
6856
6875
5675
5362
6949
7004
7053
7054
7055
7077
7101
7132
7141
7162
7164
7166
7187
7197
7251
7279
7284
7287
7372
7379
7389
7409
7418
7573
7587
7595
7612
7630
14
7633
7650
8909
7719
7735
62
7765
7769
7777
7789
7863
7917
7935
7938
7951
8040
8049
8102
8113
8140
8165
8168
8190
8205
8211
8212
3248
8245
8250
8265
8327
8334
8338
8340
8347
8351
8378
8384
8410
8421
8426
8454
8468
8516
8520
8551
8565
8574
8588
8621
8629
8650
8677
8684
8687
8768
8099
8801
8903
8924
8945
8985
7048
8989
8995
9037
9041
9050
9051
9081
9084
9145
9160
9163
9170
9176
9184
9221
9233
9234
6119
9265
9273
9277
9281
9283
9291
9294
9305
9325
9326
9340
9361
9365
9445
9457
9460
9475
9526
9543
9598
3023
9615
9627
768
9662
9676
9728
9734
9761
9764
9807
9840
556
9857
5669
9868
9880
9881
9937
9949
9960
74
100
141
189
223
5031
259
265
328
381
423
442
574
606
686
738
862
917
920
940
943
976
987
988
1004
1009
1031
1101
1206
1230
1237
1486
1510
1596
1637
1699
1709
1736
1763
1858
1904
1956
1968
1978
2034
2146
2147
2238
2366
2373
2720
2576
2634
2695
2701
2776
2792
3030
3063
4568
3080
3091
3100
3107
3153
3166
3167
3307
3368
3384
3386
3425
3460
3472
3572
3624
3647
3651
3667
3669
3750
3765
3775
3809
3830
3913
3919
3984
3988
4078
4095
4187
4288
4314
4392
3285
4514
4518
4638
4825
4827
4839
4856
9934
4858
4865
4876
4914
4919
5006
5037
5066
5078
5105
5122
5147
5183
5301
5314
5361
5388
2043
5473
5503
5512
5619
5637
5711
5751
5846
5890
5930
5991
6028
6129
6192
6290
6300
6365
6472
6540
6552
6624
6650
6772
6792
6815
6965
6978
7104
7184
7203
7213
7220
7354
7401
7423
7519
7599
7641
7669
7700
7724
7740
7752
7811
7884
7916
7959
7977
8038
8080
8185
8284
8297
8306
8362
8385
8418
8451
8606
8711
8813
8822
8934
9001
9011
4497
9022
9064
9067
9073
9087
9106
9116
9204
9205
9295
9398
9477
9500
9507
9520
9666
9704
9738
9748
9756
9774
9775
9777
9787
9882
9940
69
86
102
112
391
538
748
761
823
844
845
958
1029
1090
1160
1362
1404
1615
1710
1842
1928
2099
2121
2530
2582
2604
2617
2636
2639
5622
3014
3177
3251
3339
3367
3376
3542
3926
3941
4057
4144
4276
4418
4569
4651
4660
4745
4765
4966
4975
5027
5310
5567
5822
5896
5985
6068
6188
6415
6457
6530
6566
6660
6699
6902
6962
7118
7125
7676
7889
7920
8109
8293
8350
8354
8464
8589
8753
8880
8886
8908
9269
9382
9606
9888
9895
9994
649
808
992
1799
2064
2372
2565
2592
2984
3722
5996
6261
6494
7502
7878
8986
9792
320
598
3111
4742
6395
9274
9723
