337500
7
19
31
44
71
82
151
166
197
210
213
217
234
251
254
270
275
289
299
303
325
347
350
351
360
361
428
430
439
445
450
463
467
469
474
508
542
519
550
557
566
595
605
614
577
629
639
652
702
737
770
787
797
836
892
913
923
981
983
2
15
33
37
45
46
47
53
57
58
65
81
89
103
107
109
802
114
115
120
121
130
132
142
143
144
147
162
170
175
180
187
221
223
224
225
227
232
233
243
244
250
263
278
279
288
298
304
306
315
320
332
338
340
345
359
368
369
373
375
376
386
388
397
400
407
416
419
420
422
427
437
443
446
447
452
458
461
473
478
486
490
507
966
509
510
530
538
546
563
564
576
579
586
591
601
607
793
611
622
637
641
647
649
650
654
666
670
673
674
675
684
688
701
709
713
719
723
730
733
743
746
753
757
762
769
771
778
785
790
791
799
804
806
814
815
846
852
853
854
862
867
869
886
888
891
893
910
929
942
945
948
951
955
958
963
975
977
979
5
12
24
26
29
30
34
36
50
51
62
64
69
86
98
102
104
105
113
116
122
136
154
156
161
173
183
184
192
193
194
196
202
203
209
226
229
236
247
258
265
266
268
269
271
274
282
283
285
286
305
311
316
318
322
329
331
333
337
342
349
363
378
75
385
391
401
408
410
421
440
449
459
465
475
477
479
482
483
485
488
489
498
500
502
503
504
506
512
514
516
517
518
522
527
533
118
541
548
549
555
558
559
560
568
569
581
582
584
585
588
594
602
610
617
619
632
645
934
646
648
655
658
660
668
677
678
679
681
682
683
685
686
687
692
700
707
712
717
718
721
123
731
736
742
744
748
754
761
764
765
767
768
772
786
788
789
309
792
801
803
805
809
817
818
830
842
847
856
859
864
866
870
871
872
873
874
883
895
436
902
904
905
908
915
875
918
919
920
925
931
932
933
944
947
952
959
960
961
967
970
971
982
985
987
990
994
995
997
999
3
6
8
9
21
22
23
27
39
40
41
43
52
56
59
60
14
61
63
70
73
74
936
77
78
84
85
91
92
93
94
99
110
111
112
119
126
127
129
131
134
141
145
928
149
680
153
160
163
165
167
169
172
174
176
178
182
185
188
191
195
198
199
200
201
206
211
239
241
246
249
252
253
255
256
257
260
272
277
280
281
297
300
307
310
312
314
319
328
334
335
341
346
352
353
354
356
364
370
374
382
395
399
403
405
406
411
412
414
417
418
425
426
431
432
434
435
441
442
448
453
454
456
457
466
476
480
751
491
492
495
501
513
523
861
525
535
536
539
540
544
545
554
943
561
562
570
572
573
574
578
580
583
587
589
593
598
600
609
618
620
621
627
631
636
640
644
653
657
661
672
690
693
695
696
697
699
703
704
705
711
715
720
724
726
732
735
739
749
755
758
760
766
773
776
777
782
807
808
811
819
16
822
826
829
832
835
839
843
844
849
851
855
857
858
865
54
877
879
880
882
885
887
889
896
898
906
907
909
911
912
916
922
930
935
939
940
946
949
954
965
968
973
974
978
986
988
991
993
998
1
10
17
20
32
72
79
80
83
87
88
95
100
101
108
117
135
139
140
146
148
157
159
164
168
171
177
179
186
207
212
214
215
216
219
222
228
231
235
238
240
245
248
259
262
276
291
292
293
294
296
302
313
321
323
324
326
468
327
343
355
357
358
365
366
367
371
372
381
383
384
387
394
396
413
423
429
444
451
462
464
470
471
487
494
499
511
520
524
528
529
531
537
543
547
565
567
590
592
596
604
608
616
626
630
635
651
656
663
664
665
667
669
671
676
691
706
708
710
714
689
716
734
741
756
775
780
784
794
795
796
810
812
813
820
825
827
834
845
863
878
881
884
890
894
899
901
914
917
921
937
938
941
956
957
964
972
980
984
992
4
11
18
25
48
433
49
237
66
67
68
76
90
96
97
106
284
125
128
137
152
155
158
181
189
953
190
204
205
208
220
230
242
273
287
295
317
330
336
362
781
377
379
389
390
424
460
472
481
493
496
497
505
515
521
551
552
556
571
575
612
613
624
633
634
659
698
725
727
728
729
738
745
484
747
759
763
774
783
800
816
823
831
837
838
840
841
848
850
860
868
897
900
926
927
969
996
1000
28
42
55
150
218
261
301
344
380
392
398
402
409
415
455
526
532
534
553
606
615
623
625
628
662
694
722
740
750
798
828
833
903
924
950
962
989
35
38
124
138
264
308
339
348
393
438
597
603
638
642
752
779
821
876
976
13
133
267
404
599
643
290
824
