262500
4
65
105
27
111
124
129
174
179
239
262
327
339
876
343
354
408
444
524
536
543
547
565
568
600
612
645
666
679
685
693
695
705
725
733
759
780
785
808
812
829
843
914
922
936
967
970
979
989
1
6
7
13
14
20
35
36
38
51
59
75
82
90
98
101
103
104
119
125
127
133
143
844
145
147
152
169
181
182
185
188
189
190
204
210
221
227
229
235
236
252
271
272
275
278
282
306
289
296
301
302
309
313
314
316
322
324
326
330
331
337
373
378
379
385
391
397
402
405
409
410
425
435
437
441
450
456
461
466
479
492
493
495
500
503
511
514
516
517
523
530
532
534
549
554
557
567
575
585
590
591
596
599
601
605
610
614
623
627
635
640
646
647
648
655
668
674
690
729
732
737
743
749
756
761
763
769
781
782
791
793
798
804
155
806
810
817
818
820
828
832
833
842
856
869
881
882
893
899
912
925
932
939
943
956
961
978
981
200
3
5
16
18
21
22
26
37
40
41
44
48
49
58
61
67
69
70
76
78
80
87
93
60
94
96
106
107
112
114
117
118
120
122
123
126
130
131
136
142
144
153
157
159
160
161
165
166
170
177
183
186
191
197
198
205
220
226
228
234
241
242
243
246
247
258
261
266
267
269
284
285
298
303
307
308
310
320
321
329
350
353
359
361
362
367
370
372
389
390
395
396
400
403
404
411
414
416
376
419
420
426
429
439
443
447
451
455
457
458
469
472
475
481
254
482
487
490
501
506
520
527
528
531
537
538
539
544
550
552
564
569
845
571
573
578
581
582
583
592
595
609
611
617
625
632
634
636
638
643
644
651
656
662
665
421
670
681
684
686
688
691
694
702
703
704
711
719
721
728
730
734
913
735
736
739
742
748
753
757
762
766
768
83
678
771
772
773
774
778
779
786
787
792
794
799
801
805
814
815
821
831
834
836
841
848
851
852
853
854
860
862
864
868
870
873
875
877
887
891
892
894
895
896
897
901
905
906
907
909
916
927
929
930
937
938
951
952
959
969
974
975
976
977
984
990
994
1000
2
11
15
19
23
24
861
25
33
34
649
39
42
47
52
54
56
62
81
84
86
91
95
100
108
109
116
128
132
135
141
146
150
151
167
171
173
175
187
192
194
195
203
208
212
223
224
232
233
237
240
244
248
346
253
255
257
259
263
28
270
273
274
280
283
287
290
294
299
311
317
319
323
336
340
349
477
352
355
360
363
368
369
375
383
384
387
393
398
399
413
417
418
422
423
954
427
431
432
433
436
446
448
449
452
453
454
465
467
470
471
474
476
478
491
494
498
502
505
508
510
513
519
588
526
540
541
542
546
553
558
570
572
574
577
580
584
618
587
589
593
594
602
603
604
607
613
615
616
620
621
622
626
628
639
641
650
654
663
664
669
680
683
692
697
698
700
701
706
846
707
708
709
710
713
716
718
720
726
741
744
745
751
752
755
758
764
775
777
789
796
800
89
807
822
824
827
830
835
837
838
849
855
858
863
871
872
878
880
883
884
885
898
902
910
911
915
920
923
924
928
945
946
948
949
955
958
962
965
986
997
998
999
9
608
10
12
30
31
46
55
57
73
74
77
79
85
92
99
137
140
148
295
149
156
158
163
164
168
172
176
180
184
251
196
199
207
209
211
213
214
215
219
225
249
256
260
264
268
276
277
281
288
291
293
297
300
304
305
312
315
333
342
345
348
356
366
377
380
381
392
394
401
406
412
415
424
428
430
434
438
442
445
459
460
468
480
484
485
489
496
499
518
533
535
551
556
560
562
563
566
597
619
624
629
637
642
652
657
661
667
673
675
676
682
714
715
717
722
723
727
738
740
746
754
765
770
783
784
802
803
811
813
819
823
825
826
839
850
859
865
889
903
908
919
926
931
935
944
953
957
963
966
973
982
985
996
8
29
53
63
66
68
71
72
88
97
113
134
139
162
193
206
216
218
238
245
250
265
286
325
332
335
341
344
351
357
374
407
462
464
473
486
504
509
521
522
548
555
559
576
579
606
631
653
658
659
671
672
687
696
699
731
747
750
760
776
788
790
797
816
847
857
866
867
874
886
888
890
904
917
921
933
940
941
942
950
960
968
972
980
987
991
17
32
43
45
50
64
102
121
138
154
178
201
202
217
230
279
292
318
334
338
358
365
371
382
388
440
463
483
497
507
512
515
525
545
561
586
598
660
677
712
795
809
840
918
988
992
110
328
386
488
529
689
724
934
964
971
983
993
995
222
231
347
364
630
633
767
900
947
879
115
