4537500
12
32
43
70
87
104
136
150
161
178
191
216
323
334
336
364
448
450
451
453
455
474
481
513
516
521
532
538
550
556
572
577
630
668
681
691
6071
700
716
723
728
787
802
825
857
874
885
899
920
940
944
968
978
990
998
1052
1060
1065
1187
1198
1200
1212
1221
1279
1296
1326
1331
1334
1344
1361
1369
1377
1391
1461
1469
1492
1524
1544
1549
1551
1575
1589
1593
1660
1661
1671
1683
1698
1703
8448
1725
1736
1749
1765
1766
1776
1793
1805
1813
1814
1826
1839
1869
1883
1895
1909
1932
1939
1943
1948
1953
1956
1966
1967
1972
2016
2049
2104
2112
2119
2148
2179
2192
2247
2274
2312
2315
2330
2362
2401
2427
2430
2437
2468
2482
2522
2562
2581
2585
2588
2591
2603
2605
2620
2622
2623
2631
2637
2645
2668
2674
2675
2710
2712
2718
2746
2752
2770
2772
2773
2784
2818
2840
2864
2874
2885
2888
2908
2962
2981
2997
3003
3016
3019
3025
3030
3068
3106
3114
3122
3130
3143
3149
3152
3173
3196
3204
3205
4786
3270
3282
3370
3372
3377
3402
3418
3425
3452
3457
3479
3495
3503
3510
3535
3544
3559
3643
3670
3703
3727
3729
3770
3781
3791
3852
3857
3885
3895
3934
3951
3963
3973
3977
3996
4028
4073
4111
4150
4157
4175
4180
4183
4188
4201
4234
4241
4242
4247
4267
4292
4294
4400
4417
4420
4423
4484
4492
4495
4509
4513
4540
4542
4547
4572
4578
4622
4666
4682
4700
4713
8363
4732
4751
4762
4771
4824
4836
4901
4913
4920
4973
5000
5037
5097
5122
5141
5149
5182
5213
5232
439
5266
5267
5269
5284
5289
5359
5411
5436
5439
8424
5446
5450
5457
5476
5483
5521
5536
5549
5566
5590
5597
5609
5639
5676
5683
5686
5691
5697
5741
5776
5803
5811
5875
5948
5950
5964
5966
5970
6001
6009
6021
6034
6040
6047
901
6050
6084
6092
6105
6130
6137
6147
6203
6207
6213
6222
6257
6318
6336
6375
6404
6407
6427
6446
6450
6460
6478
6517
6526
6551
6585
6592
6602
6606
6625
6643
6648
6662
6689
6692
6702
3555
6714
6715
6722
6737
6804
6811
6819
6833
6851
6858
6863
6870
6877
6878
6882
6908
6910
6945
6960
6990
7008
7034
7067
7076
7155
7186
7189
7256
7263
7315
7317
7346
7355
7401
7437
7446
7455
7469
7496
7517
7547
9566
7572
7593
7621
7622
7630
7714
7718
7734
7750
7826
7829
7834
7852
7922
7939
8020
8030
8036
8047
8049
8050
8053
8087
8143
8153
8222
8224
8230
8268
8279
8293
8318
8322
8349
8389
8421
8425
8431
8433
8510
8634
8690
8693
8703
8721
8740
8743
8754
8766
8799
8808
8861
8888
8893
8904
8906
8907
8911
8930
8958
8963
3516
9013
9025
9029
9058
9065
9077
9105
3550
9131
9143
9150
9160
9206
9216
9232
9240
9243
9287
9299
9328
9334
9353
9356
9366
9399
9420
9429
9459
9460
9477
9487
9522
9547
9586
9589
9598
9627
9657
9667
9684
9700
9703
9712
9731
9743
9748
9765
9797
9804
9813
9835
9837
9873
9874
9906
9930
9966
9970
2
4
5
7
16
30
46
50
53
69
79
90
91
99
101
115
127
128
146
148
155
158
169
170
172
183
184
194
198
206
207
213
214
4549
220
233
258
260
267
292
293
294
295
304
311
312
318
320
322
327
333
346
351
353
355
374
375
392
393
402
414
418
421
428
461
467
479
486
488
500
502
509
523
527
530
531
536
541
542
543
545
546
4885
555
573
584
593
595
602
603
606
615
627
634
636
637
639
640
656
659
669
684
699
711
718
726
729
5540
730
733
741
755
756
760
763
764
767
768
769
774
782
804
808
809
821
823
826
834
835
5365
840
849
861
879
915
922
925
931
937
938
942
943
945
950
951
953
957
958
960
966
967
977
1013
1017
1018
1020
1024
1031
1032
1040
1055
1056
1058
1063
1067
1069
1071
1080
1082
1115
1117
1122
1127
1138
1144
1154
1155
1165
1184
1188
1203
1204
1208
1211
1220
1224
1244
1246
1253
1261
1264
1293
1322
1324
1327
1335
1341
1353
1362
1372
1376
1389
1396
1399
1408
1410
1423
1425
1438
1442
1444
1447
1457
1459
1466
1471
1476
1504
1507
1511
1514
1530
1532
1533
1534
1535
1537
1539
1541
1545
1554
1567
1570
1573
1574
1586
1591
1592
1596
1613
1615
1624
1633
1640
1642
1644
1651
1653
1663
1673
1682
1685
1695
1696
1702
1707
1719
1721
1724
1734
1742
1759
1762
1763
1778
1780
1790
1795
1806
1809
1822
1825
5559
1830
1843
1849
1878
1884
1889
1892
1903
1904
1905
1913
1915
1916
1934
1938
1945
1971
1976
1993
1996
2004
2005
2008
2012
2014
2018
2030
2034
2037
2050
2052
2063
2066
2070
2073
2074
2098
2106
2115
2130
2140
2143
2150
2151
2163
2171
2178
2188
2201
2213
2230
2253
2256
2258
2265
2282
2295
2296
4805
2299
2300
2304
2317
2326
2332
2357
2358
2361
2365
2378
2380
2381
2403
2405
2406
2407
2409
2417
2434
2439
2442
2446
2458
2460
2466
2476
2479
2484
2487
2489
2493
2497
2500
2502
2503
2508
2524
2529
2538
3140
2540
2541
2553
2566
2572
2593
2597
2599
2607
2608
2609
2616
2617
2633
2658
2661
2669
2671
2673
2685
2705
2707
2714
2720
2728
2731
2733
2737
2744
2745
2747
2749
2750
2751
2753
2758
2762
2775
2776
2777
2792
2799
2805
2809
2821
2827
2853
2854
2861
2865
2866
2873
2879
2882
2897
2898
2906
2917
2924
2933
2950
2953
2959
2965
2976
2977
2996
3001
3002
3010
3033
3036
3046
3062
3073
3074
3083
3090
3098
3100
3111
3113
3119
3133
3142
3153
3156
3164
3170
3172
3176
3180
3183
3187
3206
3211
3224
3225
3238
3248
3250
3251
3253
3258
3262
3279
3289
3297
3312
3317
3319
3323
3327
3348
3349
3350
3358
3361
3364
3366
3374
3379
3391
3393
3396
3398
3403
3436
3439
3455
3456
3461
3466
3468
3470
3477
3486
3490
3493
3498
3499
3505
3506
3512
3514
3526
3529
3533
3549
3553
3554
3563
3580
3587
3591
3601
3604
3606
3612
3613
3617
3633
3639
3664
8044
3665
3672
6571
3676
3683
3691
4357
3694
3699
3709
3713
3716
3717
3732
3736
3745
3750
3754
3760
3788
3789
3804
3807
3811
3821
3824
3826
3839
4917
3842
3844
3846
3856
3858
3867
3871
3884
3890
3893
3910
3915
3917
3919
3929
3932
3933
3944
3954
3956
3978
3979
3995
4003
4013
4033
4055
4080
4093
4095
4109
4118
4127
4140
4143
4146
4165
4172
4193
4199
4211
4213
4228
4250
4256
4270
4271
4274
4277
4280
4283
4310
4315
4332
4352
4360
4362
4367
4369
4371
4373
4380
4389
4394
4396
4402
4419
4425
4442
4445
4451
4464
4466
4470
4472
4478
4485
4500
4518
4521
4562
4579
4582
4584
4614
4626
4630
4631
4634
4641
4651
4654
4662
4670
4688
4689
4695
4698
4703
4707
4730
4735
4744
4746
4753
4758
4760
4775
4776
4783
4795
7102
4801
4815
4830
4840
4842
4849
4852
4853
4865
4887
4890
4909
4918
4922
4933
4942
4949
4952
4955
4958
4962
4965
4966
4969
4970
4974
4977
4983
4988
4997
5009
5028
5034
5035
5038
5039
5051
5055
5062
5075
5079
5080
5087
5089
5105
5114
5125
5137
5140
5143
5155
5159
5162
5163
5165
5167
5173
5176
5177
5185
5229
5230
5240
5244
5246
5253
5255
5278
5280
8062
5282
5293
5294
5295
5299
5301
5311
5313
5316
5330
5340
5344
5345
5349
5371
5375
5376
5380
5388
5390
5396
5406
5407
5418
5429
5453
5454
5458
5477
5479
5498
5499
5516
5517
5520
5534
5542
5550
5563
5564
5570
5573
5574
5580
5584
5587
5588
5621
5628
5630
5637
5659
5663
5672
5677
5688
5703
5709
5720
5722
5724
5746
5747
5754
5760
5761
138
5763
5764
5774
5778
5779
5788
5793
5798
5801
5806
5819
5827
5842
5856
5858
6983
5866
5870
5872
5887
5891
5893
5901
5904
5924
5926
5928
5932
5939
7574
5949
5951
5958
5962
5986
6003
6007
6014
6015
6018
6025
6032
6035
6037
6045
6046
6075
6077
6079
6080
6103
6104
6109
6110
6111
6112
6119
6129
6131
6138
6141
6149
6152
6158
6160
6162
6164
6167
6180
6183
6189
6191
6193
6197
6198
6202
6205
6210
6220
6224
6226
6227
6230
6239
6249
6252
6259
6264
6265
6274
6275
6276
6296
6299
6315
6321
6326
6334
9679
6345
6347
6372
6384
6386
6390
6395
6398
6408
6413
6421
6422
6442
6448
6453
6461
6467
6471
6472
6479
6489
6497
6501
6503
6504
6507
6513
6528
6530
6531
6532
6545
6548
9486
6549
6558
6568
6572
6575
6586
6587
6589
6594
6595
6604
6612
6619
6626
6627
6631
6633
6658
6666
6672
6680
6687
6699
6706
6707
6710
6717
6726
6730
6731
6732
6733
6745
6751
6753
6754
6755
6759
6778
6800
6802
6805
6816
6838
6844
6846
6847
6854
6856
6865
6867
6868
6869
6872
6885
6893
6894
6896
6905
6916
6944
6958
6967
7433
31
6968
6969
6977
6984
6992
7809
6995
7002
7003
7010
7016
7039
7050
7052
7058
7059
7077
7086
7094
7098
7107
7113
7126
9292
7128
7129
7134
7135
7151
7177
7184
7195
7201
7203
7204
7218
7225
7227
7236
7239
7246
7247
7249
7261
7270
7276
7286
7291
518
7298
7303
7304
7329
7331
7339
7377
7380
342
7406
7421
7441
7447
7461
7467
7476
7477
7485
7486
7487
7494
1139
7504
7531
7539
7556
7565
7571
7585
7586
7587
7596
7618
7626
7632
7635
7639
7640
7641
7644
7652
7654
7667
7669
7672
7673
7675
7687
7688
7690
7697
7701
7710
7712
7716
7717
7726
7741
7743
7759
7779
7800
7801
7815
7818
7828
7830
7835
7846
7851
7863
7865
7869
7872
7873
7883
7901
7903
7908
7915
7919
7941
7946
7953
7965
7972
7976
7988
7993
8001
8007
8016
8027
8033
8035
8039
8042
8051
8064
8066
8068
8074
8082
491
8085
8090
8093
8094
8096
8103
8104
8105
8117
8118
8124
8136
8138
8139
8154
8157
8159
8160
8163
8166
8181
8184
8200
8202
8220
8223
8228
8229
8237
8238
8240
8241
8242
8245
8251
8253
8258
8262
8263
8271
8272
8275
8280
8292
8304
8312
8331
8334
8346
8348
8367
8369
8370
8383
8384
8386
8391
8402
8403
8407
8408
8412
8414
8417
8428
8443
8444
8447
8455
8478
8483
8492
8493
8496
8503
8505
8519
8520
8521
8537
8541
8543
8545
8546
8575
8587
8588
8603
8614
8620
8621
8622
8624
8642
8646
8654
8656
8661
8670
8680
8681
8698
8716
8719
8720
8745
8749
8750
8767
8772
8792
8793
8812
8817
8825
8826
8857
8863
8885
8890
8894
8901
8909
8916
8921
8925
8933
8934
8936
8938
8939
8941
8942
8946
8964
8980
8983
8987
8988
8989
8993
9008
9009
9024
9030
9035
9050
9074
9079
9087
9089
9094
9098
9104
9106
9110
9111
9123
9130
9133
9135
887
9140
9146
9156
9158
9168
9174
9184
9194
9196
9200
9204
9217
9220
9235
9245
9256
9265
1700
9269
9271
9273
9281
9283
9288
9303
9304
9313
9319
9331
9332
9336
9340
9345
9348
9355
9359
9361
9363
9368
9387
9390
9392
9396
9398
9413
9415
9416
9425
9444
9470
9471
9478
9484
9491
9493
9533
9534
9546
9563
9568
2162
9599
9600
9608
9616
9624
9633
9634
9645
9654
9658
9704
9707
9717
9720
9733
9738
9740
9747
9749
9751
9762
9763
9768
9780
9782
9784
9790
9793
9795
3089
9803
9807
9818
9822
9825
9831
9832
9833
9838
9839
9841
9849
9852
9855
9858
9880
9893
9899
9909
9916
535
9922
9936
9943
9954
9955
9967
9974
9979
9986
9991
6
9
10
15
23
24
29
36
52
54
58
59
62
63
66
73
77
83
88
93
96
105
117
118
124
125
132
134
144
157
160
166
171
179
182
189
190
201
204
205
208
209
223
225
226
240
246
247
254
257
271
274
275
283
285
287
290
298
301
302
309
310
321
328
329
2504
330
337
339
343
356
359
363
367
379
383
386
387
396
405
3428
406
408
409
410
419
420
425
430
433
441
442
2111
449
460
462
464
469
475
497
503
504
510
511
514
522
524
539
540
1295
549
552
554
560
561
564
566
567
571
574
575
578
587
589
590
591
605
611
613
619
621
622
628
651
661
665
674
677
678
686
687
690
695
697
705
712
717
720
731
732
734
740
742
747
750
751
758
759
3162
765
773
777
778
780
783
784
790
791
798
810
811
812
814
815
817
824
828
829
833
837
855
863
866
869
870
875
876
881
882
883
888
891
894
902
903
907
908
910
913
916
921
933
939
941
946
948
949
952
954
955
959
961
963
965
970
976
981
982
983
985
994
1007
1011
1022
1023
1027
1028
1033
1036
1045
1047
1049
1057
1062
1079
1081
1083
1086
1092
1094
1097
1098
1099
1110
1123
1126
1130
1132
1135
1146
1148
1149
1150
1153
1164
1168
1172
1178
1183
1189
1191
1193
1197
1202
1205
1226
1227
1231
1233
1235
1238
1239
1243
1630
1247
1252
1259
1272
1276
1277
1278
1292
1299
1300
1304
1305
1308
1315
1316
1321
1328
1332
1338
1340
1349
1356
1357
1366
1368
1370
1379
3991
1381
1383
1387
1388
1392
1403
1426
1432
1435
1437
1439
1440
1450
3445
1451
1452
1455
1456
1464
1465
1468
1477
1486
1488
1494
1498
1501
1502
1503
1505
1510
1521
1522
1526
1527
1531
1540
1542
1546
1553
1559
1572
1579
1588
1594
1601
1604
1612
1614
1619
1620
1621
1622
1631
1645
1654
1656
1665
1669
1675
1680
1686
2352
1689
1699
1701
1706
1709
1720
1726
1730
1738
1743
1753
1754
1757
1758
1768
1771
1774
1779
1784
1797
1800
1803
1811
1818
1828
1832
1838
1844
1846
1848
1851
1852
1854
1856
1857
1870
1876
1890
1891
1894
1896
1898
1914
1918
1925
1927
1929
1937
1941
1942
3395
1951
4084
1964
1968
1973
1980
1981
1984
1986
1988
1991
1992
2000
2009
2011
2035
2039
2041
2046
2062
2065
2069
2076
2080
2086
2087
2099
2100
2102
2103
2110
2116
2118
2121
2123
2129
2132
2133
2142
2144
2154
2155
2167
2181
2184
2186
2198
2199
2200
2203
2208
2210
2215
2217
2220
2222
2227
2232
2234
2235
2240
2241
2249
2268
2271
2273
2276
2281
2285
2289
2290
2309
2310
2311
2314
2318
2320
3378
2321
2323
2333
2335
2341
2343
2345
2355
2359
2369
2371
2379
2383
2742
2384
2896
2397
2400
2408
2410
2413
2414
2422
2431
2433
2441
3704
2444
2457
2464
2465
2470
2475
2481
2490
2494
2495
2498
2513
2523
2527
2539
2544
2546
2547
2548
2549
2550
2559
2560
2563
2570
2571
2575
2576
2580
2582
2630
2635
2639
2640
2649
2650
2676
2679
2683
2692
2695
2698
2700
2715
2716
2725
2740
2743
2757
2763
2765
2768
2779
2782
2787
2789
2790
2798
2801
2804
2806
2807
2808
2812
2813
2816
2822
2823
2825
2828
2829
2831
3524
2836
2844
2849
2855
5643
2859
2870
2890
2892
2893
2894
2909
2910
2911
2913
2925
2927
2939
2942
2944
2947
2951
2956
2966
2969
2970
2972
2978
2980
2982
2985
2991
2993
2998
3020
3023
3029
3047
3038
3041
3044
3045
3048
3051
3064
3070
3071
3072
3075
3078
3086
3091
3092
3093
3097
3103
3104
3115
3121
3124
3128
3137
3144
3151
3158
3167
3185
3189
3190
3192
3197
3214
3215
3216
3218
3222
3231
3236
3237
3241
3243
3244
3252
3256
3261
3263
3264
3267
3271
3272
3276
3277
3278
3281
3283
3284
3295
3302
3303
3305
3313
3318
5759
3328
3329
3334
3338
3344
3345
3365
3367
3369
3373
3380
3388
3397
3399
3405
3417
3420
3423
3427
3429
3433
3437
3440
3446
3453
3460
3472
3478
3482
3485
3487
5892
3489
3496
3497
3508
3511
3517
3522
3528
3530
3538
3541
3543
3558
3562
3570
3572
3573
3575
3577
3578
3584
3585
3586
3590
3602
3611
3620
3622
3623
3626
3634
3637
3641
3642
3644
3650
3651
3653
3657
3658
3659
3663
3666
3668
5783
3678
3686
3687
3692
3695
3697
3701
3710
3718
3719
3721
3722
3726
3734
3738
3742
3747
3748
3749
3752
3758
3767
3774
3780
3787
3794
3796
3800
3802
3806
3810
3813
3818
3820
3822
3823
3825
3828
3829
3831
3833
3837
3841
3849
3861
3863
3866
3868
3870
3872
3878
3879
3880
3886
3887
3892
3902
3904
3905
3909
3920
3930
3939
3941
3958
3961
3962
3964
3966
3969
3970
3971
3972
3976
3992
4001
4005
5058
4008
4015
4018
4027
4029
4032
4039
4041
4045
4047
4050
4057
4065
4066
4069
4071
4074
4076
4081
6054
4089
4090
4091
4092
4096
4098
4099
4113
4114
4115
4116
4121
4124
4125
4132
4133
4134
4141
4142
4148
4162
4170
4176
4190
4192
4194
4196
4203
4206
4207
4210
4216
4217
4219
4220
4223
4229
4230
4236
4239
4243
4244
4246
4262
4276
4279
4282
4284
4285
4287
4288
4293
4301
4304
4311
4316
4318
4334
4338
4339
4345
4349
4350
4355
4366
4374
4375
4376
4381
4384
4391
4397
4401
4409
4410
4411
4412
4424
4435
4439
4443
4450
4452
4453
4469
4473
4474
4475
4483
4486
4487
4488
4494
4501
4502
4507
4516
4519
4534
4539
4544
4554
4558
4573
4574
4577
4581
4585
4587
4590
4591
4594
4597
4603
4604
4613
4617
4620
4621
4633
4649
4650
4655
4657
4669
4679
4685
4687
4691
5738
4694
4696
4706
4711
4715
4722
4723
4725
4729
4731
4741
4745
4747
4748
4754
4757
4761
4763
4765
4766
4767
4768
4787
4797
4802
4806
7708
4810
4818
4819
4821
4823
4825
4834
4835
4839
4843
4845
4847
4850
4854
4857
4862
4863
4866
4867
4872
4881
4883
4891
4898
4900
4902
4904
4908
4912
4924
4927
4929
4936
4938
4940
4944
4945
4950
4960
4967
4978
4979
4980
4982
4987
4990
4992
4998
4999
5002
5003
5005
5007
5016
5018
5021
5023
5046
5050
5061
8076
5066
5069
5070
5072
5073
5077
5085
5088
5093
5095
5106
5108
5113
5115
5116
5118
5120
5123
5124
5126
5136
5150
5153
5157
5174
5178
5180
5188
7794
5190
5191
5192
5193
5194
5196
5198
5199
5204
5208
5210
5214
5216
5225
5226
5227
5235
5236
5245
5252
5254
5256
5259
5260
5263
5277
5285
5286
5296
5308
5309
5310
5312
5314
5318
5319
5335
5337
5342
5348
5350
5360
5361
5362
5367
5369
5379
5382
5385
5398
5404
5409
5410
5413
5416
5427
5431
5433
5437
5438
5443
5445
5451
5452
5461
5463
5464
5465
5467
5469
5471
5473
5474
5491
5493
5504
5508
5513
5523
5524
5532
5533
5537
5541
5545
5546
5548
5553
5556
5557
5560
7555
5562
5568
5571
5576
5578
5579
5583
5593
5599
5603
5604
5613
5617
5618
5619
5626
5631
5635
5646
5648
5649
5650
5651
5653
5656
5658
5665
5673
5675
5679
5687
5690
5695
5698
6788
5705
5706
5707
5711
5714
5715
5718
5732
5734
5737
5740
5743
5745
5749
5757
7372
5766
5768
5772
5773
5777
5785
5786
5787
5796
5800
5815
5816
5824
5835
5843
5848
5850
5853
5857
5859
5863
5864
6688
5868
5871
5877
5879
5882
5889
5890
5894
5897
5898
5899
5906
5913
5914
5916
5919
5927
5930
5933
5942
5944
5945
5952
5953
5954
5961
5963
5971
5974
5977
5993
5994
6008
6010
6011
6013
8704
6020
6023
6029
6044
6049
6055
6059
6060
6065
6068
6070
6086
6087
6089
6091
6099
6100
6106
6107
6108
6122
6955
6133
6136
6139
6143
6144
6146
6151
6154
6156
6161
6168
6170
6173
6174
6176
6783
6199
6204
6216
6221
6223
6231
6232
6234
6236
6243
6245
6253
6260
6266
6285
6286
6287
6288
6290
6293
6298
6306
6307
6308
6309
6312
6314
6316
6325
6327
6328
6330
6332
6335
6338
6342
6344
6346
6351
6353
6354
6359
6361
6365
6366
6367
6368
6374
6393
6402
6406
6410
6420
6425
6433
6443
6445
6452
6458
6459
6464
6465
6466
6468
6470
6477
6487
6515
6535
6536
6540
6541
6543
6552
6559
6561
6576
6578
6591
6593
6605
6621
6624
6630
6632
6634
6638
6645
6651
6655
6661
6668
6669
6675
6682
6690
6691
6693
6695
6696
6697
6705
6716
6720
6721
6727
6728
6738
6741
6746
6747
6750
6758
6760
6762
8564
6763
6766
6767
6769
6771
6774
6777
6782
6790
6807
6809
6817
6823
6826
6827
6830
6834
6835
6836
6845
6849
6861
6866
6871
6873
6883
6889
6890
6892
6898
6903
6918
7117
6927
6928
6938
6946
6949
6952
6963
6971
6975
6985
6987
6996
6997
6999
7004
7006
7009
7011
7020
7027
7035
7038
7043
7055
7057
7065
7070
7074
7078
7089
7099
7109
7112
7114
7115
7116
7119
7120
7132
7133
7140
7144
7148
7150
7152
7154
7157
7161
7166
7167
7168
7169
7173
7175
7180
7183
7196
7198
7200
7206
7208
7209
7212
7213
7215
7217
7221
7226
7232
7235
7237
7251
7252
7254
7259
7265
7266
7281
7283
7284
7285
7288
7293
7295
8598
7296
7299
7302
7310
7319
7333
7338
7343
7351
7359
7364
7366
7367
7370
7374
7384
7389
7396
7398
7399
7400
7403
7407
7413
7420
7422
7424
7426
7429
7430
7436
7448
7453
7458
7460
7464
7474
7483
7492
7495
9730
7507
7514
7515
7516
8376
7518
7519
7522
7528
7529
7530
181
7533
7541
7546
7552
7557
7564
7568
7570
7577
7578
7580
7584
7590
7597
7603
7609
7610
7613
7615
8320
7617
7624
7625
7637
7643
7645
7651
7655
7658
7674
7676
7705
7706
7711
7719
7721
7722
7723
7731
7733
7739
7740
7742
7752
7763
7765
7766
7772
7773
7778
7785
485
7786
7798
7799
7803
7805
7806
7811
7812
7823
7824
7831
7836
7837
7839
7850
7855
7860
7874
7876
7879
7880
7881
7886
7896
7899
7907
7909
7916
7918
7929
7930
7943
7949
7954
7957
7961
7962
7974
7975
7986
7991
7999
8005
8017
8019
8021
8022
8024
8025
8026
8031
8038
8048
8052
8054
8056
8060
8067
8086
8088
8095
8100
8122
8127
8128
8130
8132
8133
8146
8147
8151
8156
8161
8351
8162
8168
8170
8173
8174
8175
8178
8183
8186
8187
8188
8189
8190
8197
8198
8204
8205
8206
8210
8213
8214
8235
8244
8247
8249
8255
9142
8257
8261
8269
8273
8276
8277
8282
8287
8289
8298
8299
8300
8301
8311
8314
8319
8323
8326
8327
8333
8335
8336
8340
8341
8342
8343
8347
8350
8352
8354
8356
8357
8362
8371
8372
8374
8378
8390
8392
8394
8395
8397
8411
8416
8418
8419
8429
8436
8437
8438
8449
8451
8454
9052
8457
8458
8460
8465
8473
8479
8481
8486
8487
8488
8489
8500
8501
8502
8507
8516
8523
8527
8538
8539
8551
8552
8554
8556
8557
8570
8571
8572
8578
8581
8585
8590
8597
8600
8602
8608
8613
8615
8628
8638
8640
8644
8647
8648
8651
8660
8665
8666
8668
8671
9302
8674
8683
8684
1217
8685
8687
8688
8692
8701
8706
8707
8711
8712
8718
8731
8732
8737
8741
8751
8752
8759
8762
8774
8776
8783
8784
8788
8794
8797
8800
8802
8804
8806
8807
8815
8820
8824
8827
8831
8832
8842
8843
8846
8847
8850
8853
8854
8859
8860
8862
8867
8873
8876
1359
8878
8896
8898
8905
8912
8914
8917
8932
8940
8944
8945
8948
8950
8954
8959
8960
8961
8971
8973
8977
8986
8997
8998
9000
9015
82
9021
9031
9036
9037
9051
9054
9061
9063
9066
9067
9068
9069
9070
9073
9076
9085
9088
9090
9093
9099
9107
9108
1959
9109
9112
9113
9120
9121
9129
9136
9151
9157
9161
9166
9170
9172
9176
9178
9185
9190
9191
9192
9201
9205
9212
9213
9219
9224
9228
9233
9236
9239
9241
9244
9249
9252
9254
9257
9258
1994
9277
9294
9301
1240
9305
278
9306
9312
9320
9321
9326
9333
9335
9343
9346
9354
9357
9360
9373
9376
9377
9380
9381
9382
9384
1599
9385
9397
9410
9417
548
9419
9421
9424
9426
878
9433
9436
9438
9441
9448
9452
9455
9456
9461
9462
9465
9469
9480
9492
9495
9497
9499
9501
9502
9508
98
9517
9519
9523
9528
9530
9531
9541
9548
9554
9564
9570
9584
9590
9594
9596
9601
9656
9613
9614
9619
9620
9621
9622
9631
9637
9643
9651
9661
9670
9672
9676
9677
9682
9683
9688
9689
9690
9692
9696
9705
9727
9728
9742
562
9758
9764
9769
9775
2694
9776
9777
9778
9779
9783
9786
9794
9796
9800
9801
9809
9812
9819
9826
9834
9843
9846
9851
9857
9866
9867
9872
9881
9885
9898
9905
9908
9910
9911
9915
9920
9924
9925
9926
9928
9932
9933
9938
1449
9963
9965
9972
9980
9985
9990
9995
10000
3
8
18
20
22
25
1035
964
26
27
28
33
37
38
41
49
51
60
61
65
67
68
71
72
74
76
78
81
85
86
94
100
103
107
108
110
114
131
133
140
142
154
163
164
168
175
177
186
187
188
193
195
196
200
917
211
217
222
235
236
241
2557
242
243
249
255
265
268
273
279
280
1414
281
282
297
306
307
316
317
325
331
332
335
344
347
349
350
360
361
362
366
370
715
371
384
385
390
391
394
395
398
399
403
411
415
423
424
1881
426
427
444
447
463
465
471
473
477
478
480
482
483
484
3171
487
505
507
508
520
526
547
551
558
559
563
569
594
597
598
600
601
607
616
618
623
624
631
632
635
641
642
645
650
654
657
658
663
3450
664
667
670
673
676
685
689
710
722
725
727
738
739
752
754
770
771
775
792
793
797
803
807
820
822
831
836
838
848
851
858
859
862
864
872
873
884
886
892
893
895
897
898
906
911
918
923
924
932
934
3723
935
936
947
971
1979
972
975
987
988
989
991
992
993
996
997
1000
1003
1004
1008
1010
1012
1016
1021
1034
1038
1041
1042
1046
1050
1053
1054
1059
1061
1070
1072
1073
1078
1088
1090
1096
3127
1100
1104
1112
1118
1124
1129
1137
1145
1147
1157
1159
1160
1163
1170
1171
1173
1174
1176
1177
1179
1182
1185
1190
1196
1201
1210
1213
1215
1216
1219
1222
1223
1228
1230
1236
1242
1245
1249
1250
1251
1255
1262
3321
1266
1267
1269
1270
1271
1274
1282
1286
1287
1294
1297
1311
1313
1318
1319
1320
1329
1333
1343
1345
1358
1360
1364
1365
1367
1371
1375
1380
1564
1386
4221
2411
1398
1400
1401
1406
1412
1416
1424
1430
1431
1433
1441
1446
1453
1454
1467
1473
1482
1490
1491
1497
1500
1506
1509
1512
1515
1518
1519
1529
1538
1543
1555
1560
1566
1568
1576
1577
1583
1585
1590
1595
1598
3865
1602
1606
1608
1616
1618
1623
1625
1626
1634
2338
1635
1638
1639
1646
1647
1655
1662
1667
1668
1670
1677
1679
1684
1692
1704
1705
1708
1711
1716
1723
1733
1737
1739
1741
1744
1748
1750
1761
1770
1772
1773
1781
1788
1789
1794
1798
1799
1801
1802
1804
1807
1812
1817
1831
1833
1835
1847
1850
1858
1859
1861
1864
1866
1873
1877
1880
1893
1897
1900
4422
1906
1910
1928
1931
1935
1946
1950
1957
1958
1960
1963
1965
1969
1974
1977
1978
1987
1995
1997
1998
1999
2001
2010
2015
2021
2022
2023
2024
2025
2027
2033
2038
2048
2051
2056
2057
2058
2060
2079
2091
2107
2113
2124
2126
2134
2137
2138
2147
2153
2157
2160
2161
2166
2170
2175
2182
2183
2187
2193
2194
2197
2204
2207
2211
2214
2218
2221
2226
2231
2233
2242
2245
2246
2250
2252
2255
2257
2260
2261
2270
2279
2287
2293
2294
2306
2322
2328
2331
2336
2337
2340
2349
2350
2364
2368
2372
2374
2376
2377
2382
2390
2395
2402
2418
2419
2420
2421
2428
2429
2436
2443
2448
2450
2451
2455
2459
2469
2486
2491
2501
2510
2511
2516
2520
2525
2526
2534
2536
2545
2551
2552
2556
2565
2567
2574
2584
2587
2589
2592
2594
2601
2606
2615
2618
2621
2625
2628
2641
2642
2643
2644
2646
2648
2652
2654
2655
2656
2664
2665
2666
2667
2681
2682
2684
2686
2687
2688
2690
2693
2702
4177
2704
2709
2713
2727
2732
2739
2754
2761
2764
2766
5164
2780
2781
2783
2791
5183
2802
2810
2814
2817
2819
2830
2832
2833
2834
2835
2837
2838
2841
2845
2848
2856
2858
2860
2863
2868
2880
2883
2884
2891
2907
2914
2915
2916
2919
4726
5820
2921
2930
2931
2938
2940
2949
2952
2958
2963
2983
2988
2989
2992
2995
3000
3006
3007
3008
3011
3018
3021
3024
3027
3034
3037
3043
3050
3053
3054
5166
3055
3057
3060
3065
3080
3081
3082
3087
3094
3099
3101
3105
3107
3110
3117
3169
3120
3123
3125
3126
3131
3132
3134
3462
3135
3136
3139
3146
3148
3159
3163
3166
3177
3178
3179
3181
3186
3193
3194
3203
3208
3210
3213
3221
3227
3232
3235
3240
3242
3247
3273
3275
3286
3288
3290
3291
3292
3294
3298
3299
3300
3308
3315
3316
3324
3325
3326
3330
3336
3340
3341
3346
3351
3354
3355
3368
3385
3386
3394
3401
3408
3412
3413
3421
3422
5616
3430
3431
3441
3449
3454
3465
3467
3475
3476
3484
3492
3494
3518
3520
3523
3525
3531
3532
3534
3542
3548
3551
3557
3561
5699
3564
3567
3569
3576
3579
3581
3583
3589
3594
3600
3609
3615
3618
3624
3627
3631
3635
3636
3647
3648
3654
3655
3656
5582
3661
3669
6179
3679
3680
3682
3684
3685
3688
3689
3693
3700
3706
3712
3714
3725
3730
3733
3746
3753
3755
3756
3757
3762
3764
3768
3769
3777
3783
3790
3798
3801
3803
3808
4916
3816
3819
3830
3836
5107
5522
3840
3843
3847
3848
3851
3864
3881
3883
3888
3897
5368
3899
3900
3911
3912
3918
3936
3937
3942
3943
3945
3946
3949
3952
3953
3955
3957
3959
3960
3981
3983
3994
3997
3998
3999
4006
4009
4011
4022
4024
4025
4026
4030
4035
4037
4044
4048
4051
6396
4052
4053
4056
4058
4061
4068
4082
4083
4963
4086
4088
4103
4105
4107
4108
4112
4119
4128
4136
4144
4149
4151
4152
4153
4154
4155
4161
4167
4168
4171
4173
4174
4178
4181
4182
4187
4189
4191
4198
4202
4204
4205
4209
4215
4224
4225
4227
4237
4240
4245
4248
4254
4259
4263
4273
4290
4291
4296
4297
4299
4546
4300
4302
4306
4307
4308
4320
4321
4322
4333
7036
4344
4347
4351
4354
4363
4368
4837
4372
4379
4386
4388
4393
4395
4398
4406
4413
4414
4415
4418
4426
7365
4428
4430
4436
4437
4438
4440
4458
4461
4463
4467
4468
4476
4480
5224
4481
4499
6813
4503
4504
4697
4508
4522
4531
4532
4533
4536
4537
4538
4541
4545
4548
4550
4551
4552
4555
4557
4559
4560
4567
5355
4588
4592
4593
4598
4601
4602
4605
4610
4612
4615
4625
4636
4637
4638
4642
4643
4661
4665
4671
4674
4676
6681
4677
4681
4684
4686
4690
4693
4699
4701
4705
4708
4709
4712
4719
4720
4724
4728
4733
4739
4742
4749
4752
4759
6434
4769
4770
4777
4778
6289
4780
4782
4785
4788
4789
4790
4793
4794
4796
4807
4809
4814
4820
4822
7604
4826
4828
4831
4832
4838
4856
4859
4861
4870
4871
4876
4877
4884
4888
4894
4895
4897
4899
4905
4906
4907
4910
4914
4930
4934
4935
4943
4946
4954
4956
4957
4961
4981
4985
4989
4991
5001
5004
5006
5010
5013
5014
5019
5022
5025
5026
5036
5043
5044
5047
5048
5053
5056
5059
5064
5065
5067
5068
5071
5074
5078
5082
5086
5098
5104
5111
5119
5121
5128
5129
5130
5132
5133
5135
5142
5146
5148
5152
5156
5160
6616
7594
5169
5179
5184
5189
5197
5212
5218
5220
5223
5228
5231
5238
5241
5242
5248
5249
5257
5258
5261
5264
5265
6961
5268
5274
5279
5287
5291
5298
5306
5315
5317
5321
5323
5326
5338
5339
5343
5346
5352
5353
5354
5364
5381
5384
5392
5395
5401
5402
5403
5408
5414
5419
5420
5424
5425
5428
5430
5440
5448
5455
5459
5460
5466
5468
5470
5472
5478
5480
5482
5485
5490
5492
5494
5496
5501
5502
5503
6784
5506
5510
5519
5530
5539
5547
5551
5554
5561
5565
5591
5592
5594
5598
5601
5602
5606
5610
5614
5624
8686
5625
5627
5641
5642
5644
5647
5655
5660
5662
5670
5681
5682
5693
5694
6508
5702
5704
5723
5725
5727
5728
5730
5731
5739
6799
5744
5748
5750
5751
5752
6483
5755
5758
5762
5765
5771
5780
5781
5789
5792
5794
5799
5808
5813
5823
5825
5829
5832
5834
5844
5846
5847
7361
5851
5852
5860
5862
5867
5874
5876
5881
5883
5884
5885
5886
5888
5900
5905
5907
5910
5920
5921
5922
5925
5934
5936
5940
6911
5943
5947
5960
5965
5968
5976
5979
5980
5981
5982
5987
5991
5995
5997
8739
8576
6000
6002
6004
7751
6005
6006
6016
6019
6024
6030
6039
6043
6048
6052
6057
6058
6062
6067
6069
6083
6093
8471
6094
6098
6101
6102
6115
6656
6116
6117
6118
6123
6124
6125
6128
6132
6134
6135
6142
7214
6153
6165
6166
6171
6172
6175
6178
6181
6182
8837
6186
6187
6200
6201
6217
8677
6225
6233
8512
6235
6238
6242
6250
6263
6271
6273
6280
6282
6317
6322
6323
6339
6343
6349
6350
6352
6358
6360
6362
6363
6364
6369
6377
6378
6379
6381
6385
6389
6400
6412
6416
6417
6423
6424
6435
6436
6438
6439
6440
6441
6444
6447
6449
6451
6456
7845
6473
6474
6480
6482
6488
6493
7402
6499
6500
6502
6505
6506
6511
6514
6519
6520
6523
6527
6529
6554
6562
6569
6570
6573
6574
6579
6580
6583
6584
6590
6609
6613
6620
6628
6635
6636
6642
6646
6647
6652
6654
6667
6670
6678
6684
6685
6694
6700
6703
6711
6713
6735
6736
6749
6780
6781
6785
6789
6791
6795
6797
6798
6801
6806
6808
6814
6818
6821
6824
6828
6837
6840
6842
6843
6848
6850
6853
6855
6874
6881
6884
6886
6887
6891
6900
6902
6904
6906
8281
6914
6915
6917
6921
6925
6931
6937
6940
6941
6942
6943
6947
6951
6965
6980
6986
9286
9435
8967
6991
7000
9655
7005
7007
7013
7019
7021
7023
7025
7028
7029
7032
7051
7063
7068
7073
7081
7084
7085
7088
7090
7091
7092
7096
7097
7104
7108
7110
7121
7131
7136
7145
7147
7149
7159
7170
7171
7176
7179
7181
7185
7190
7191
7193
7205
7207
7210
7222
7224
7229
7231
7241
7242
7245
7248
7253
7255
7260
7269
7271
7278
7280
7289
7290
7292
7305
7306
7307
7308
7309
7312
7606
7313
7314
7320
7321
7325
7327
7595
7330
9816
7341
7345
7349
7350
7352
7358
7362
7363
7383
7385
7387
7388
7391
7397
7408
7409
7412
7425
7427
7435
7438
7440
7443
7444
7445
7454
7459
7462
8697
7463
7466
7468
7479
7481
7488
7489
7499
7505
7509
7510
7511
7512
7513
7523
7524
7527
7532
7542
7545
7550
7554
7558
7559
9182
7567
7573
7582
7588
7589
7591
7598
7600
7601
7605
7611
7612
7616
7623
7633
7636
7646
7649
7650
7656
7657
7660
7661
7662
7663
7665
7666
7668
7677
7679
7681
7682
7684
7685
7686
7692
7696
7699
7702
7703
7704
7713
7720
7724
7725
7727
7735
7736
7738
7744
7745
7753
8819
7760
8579
7761
7764
7768
7769
7770
7775
7777
7781
7782
7784
7788
7789
7791
7793
7807
7813
7817
7819
7822
7825
9912
7827
7833
7838
7843
7856
7859
7862
7868
7870
7871
7877
7887
7888
7890
7892
7897
7898
7906
7911
7912
7913
7924
9549
7935
7979
7940
7948
7950
7951
7952
7955
7956
7959
7960
7963
7969
7970
7982
7983
7985
7987
7990
7992
7995
8002
8006
8009
8011
8029
8032
8040
8041
8045
8058
8059
8061
251
8070
8075
8079
8080
8083
8089
8097
8101
8102
8107
9603
8108
8111
8113
8114
8115
8116
9268
8120
8123
8126
8131
8134
8135
8137
8152
8155
8158
8167
8171
8179
8180
8191
8196
8207
8208
8209
8212
8215
8226
8234
8239
8243
8252
8256
8260
8265
8270
8278
8288
8295
8296
9154
8302
8305
8306
8309
8315
8324
8330
8338
8345
8360
8366
9509
8368
8377
8379
8380
8382
8385
8388
8396
8404
9551
8406
8409
8410
8413
8415
8423
8426
8432
8441
8446
8461
8466
8468
8469
8470
8472
8474
8480
8482
8497
8498
8513
8517
8525
8528
8531
8535
8540
8542
8547
8550
8555
8561
8563
8567
8569
8577
1547
8580
8583
8589
8591
8592
719
8595
8596
8604
8605
8610
8616
8625
8626
80
8630
8649
8657
8658
9725
8662
8678
8689
8694
8700
8705
8709
8713
8714
8722
8726
8733
8735
8736
8738
8744
8746
8748
8756
8757
8760
8761
8764
8765
8769
8771
8781
8782
8785
8790
8809
8810
8813
8814
8828
8833
8839
8841
8844
8845
8864
8865
8872
8874
8880
8882
8883
8884
8886
8889
8895
8897
8900
1767
8903
8908
8913
8927
8928
8935
8937
8951
8965
8966
8968
8974
8975
8976
8984
8996
9001
9002
9003
9011
9012
9017
9034
9044
9045
9056
9059
9060
9064
9082
9103
9115
9117
9118
9125
9127
9128
9132
9134
9137
9138
9145
9147
9159
9162
9167
9169
9171
326
9179
9183
9186
9188
9189
9195
9197
9202
9210
9211
2717
9214
9218
9223
9225
9226
9237
9238
9242
9246
9247
9264
9266
9267
9276
9282
9291
9293
9295
9296
9298
9300
9307
9310
9311
9318
9324
9330
9337
9339
9344
9349
9350
9362
9364
9369
9372
9378
9388
9391
9403
9405
9406
9408
9409
9412
9418
9422
9428
9434
9440
9443
9445
9446
9450
9451
9453
9454
9458
9464
9467
9475
9476
9481
9488
9494
9496
9504
9511
9515
9520
9524
9525
9527
9529
9536
9537
9538
9542
9544
9550
9552
9558
9559
9560
9562
9565
9569
9571
9575
9576
9578
9585
9588
9602
9606
9609
9610
9612
9618
9623
9625
9626
9629
9630
9632
9639
9644
9646
9648
9649
9653
9659
9660
2445
3337
9664
9665
9675
9678
1752
9686
9691
9693
2945
9695
1475
9713
9715
9716
2266
9719
9724
9726
9729
9732
9734
9735
9736
9737
9739
9754
9757
9759
9767
701
9771
9773
9798
9808
9811
9814
9815
9821
9827
9830
9845
9850
9853
9856
9863
3390
9864
9868
9869
9875
9878
9879
9883
9981
9887
9888
9889
9896
9897
9900
9901
9903
9907
9913
9914
9918
9919
9923
9927
9929
9931
9935
9950
9951
3389
9953
9958
9959
9960
9962
9978
9982
9989
9992
9993
9998
9999
1
13
14
224
17
19
34
39
40
42
44
45
55
56
57
64
102
106
109
119
120
126
129
130
139
141
143
147
149
152
153
156
159
165
174
180
197
218
227
228
229
231
232
234
237
244
248
250
253
644
256
269
276
277
284
286
308
313
319
324
341
345
348
354
368
369
377
380
388
397
401
404
407
429
431
432
436
437
1520
438
454
456
457
3809
470
476
490
493
494
495
1845
496
499
506
1672
515
525
528
529
533
534
553
565
568
576
579
3233
580
592
596
599
3950
604
608
609
614
629
638
666
671
3568
672
675
680
1143
683
694
696
706
707
708
709
3967
714
721
724
736
737
743
744
745
753
761
762
779
4496
781
796
801
805
806
813
816
819
827
841
842
843
845
868
877
880
896
909
914
2404
919
928
956
969
973
974
999
1001
1005
1009
1014
1025
1026
1029
1472
1030
1037
4517
1043
1044
1048
1066
1074
1077
1084
2127
4702
1087
2862
1095
1101
1102
1103
1105
1108
1109
1111
1113
1114
1116
1119
1120
1128
1133
1142
1151
1158
1161
1167
3307
1885
1175
1180
1186
1192
1195
2351
1207
1209
1218
1237
1248
1256
1260
1263
1265
1268
1275
1283
1284
1285
2298
1650
1289
1298
1301
1306
1309
1314
1317
1336
1346
1347
1348
1351
1354
1355
1374
2438
1378
1382
1384
1385
1390
1393
1395
1397
1404
1411
1413
1419
1420
1422
1427
1428
1434
1436
1443
1445
1448
1458
3014
1462
1474
1481
1483
1484
1487
1493
5435
1499
3150
1513
1536
1548
1556
1557
1565
1578
3333
1580
1587
1600
1609
1610
4893
1617
1627
1628
1629
1632
1636
1637
1641
1648
4755
1649
1652
1657
1658
1659
1664
1666
1674
1678
1681
1687
1688
1693
1694
4072
1712
1713
1714
1740
1745
1746
1747
1751
1755
1756
1760
1769
1777
1782
1785
1819
1834
1836
1837
1840
1841
1842
1855
1860
1862
1865
1867
1871
1872
1879
1886
1887
3632
1899
1901
1912
1919
1921
1923
1926
1930
1933
1947
1949
1954
1955
1970
1975
1985
1989
2003
2013
2019
2026
2029
2032
2042
2044
2045
2053
2068
2071
2072
2077
2082
2084
2092
2094
2095
2096
2101
2105
2108
2131
2139
2146
2149
2158
2159
2164
2169
2174
3708
4791
2176
2180
2191
2209
2219
2225
2236
2238
2243
2248
2251
2259
2262
4576
2263
2275
2278
2283
2284
2288
3174
2301
2302
2305
2308
2313
2324
2334
2339
2342
2346
2347
2356
2360
2363
2366
2373
2393
2394
2396
2412
2416
2424
2425
2426
2435
2447
2454
2473
2477
2485
2492
2505
2506
2514
2515
2519
2521
2528
2531
2543
2555
2558
2569
2573
2579
2583
4864
2586
2590
2600
2602
2613
2614
2624
2626
2629
6305
2632
2653
2657
2663
2670
2677
2678
2691
2696
2697
2701
2708
2721
2722
2723
2726
2729
2735
2755
2756
2771
2774
2786
2788
2793
2795
2796
2824
2846
2847
2850
2851
2852
2872
2875
2876
2887
2889
2904
2912
2928
2929
2934
2935
2948
2954
4268
2957
6793
2960
2964
2968
2973
2986
2987
2990
6775
3004
3009
3012
3013
3015
3026
3028
3040
6948
3042
5305
3059
3061
3066
3069
3079
6794
3084
3095
3102
3109
3112
3138
3141
3145
3168
3175
3182
3188
3191
3195
3198
3200
5378
3207
3209
3212
3217
3223
3229
3230
3239
3245
3260
3265
3268
3269
3274
3285
3301
3304
3306
3314
3320
3339
3356
3360
3362
3375
3376
3381
3400
3404
3407
3409
3411
3416
3424
3432
3435
3442
3443
3444
3451
3459
3464
3473
3474
5998
3481
3483
3491
3500
3507
3509
3513
3515
3527
3539
5303
3546
3552
3566
3574
3582
3588
3592
3593
3597
3599
3605
3607
3614
3619
3621
3629
3630
3649
3652
3662
3667
3674
6664
3681
3696
3698
3705
3715
6208
3720
3731
3735
3739
3740
3744
3751
3759
3765
3772
3773
3776
5399
3778
3784
3785
3792
3795
3812
3814
3815
3817
3832
3834
3835
3838
3853
3854
3860
3862
3869
3882
3889
3896
3908
3914
3916
3924
3926
3927
3928
3935
3938
3948
3965
3980
3984
3985
3986
3987
3990
4014
7931
4016
4017
4019
4031
4042
4043
4046
4059
4062
4064
4067
4075
4078
4079
4085
4087
6097
4101
4102
4104
4110
4117
4123
4130
4941
4131
4135
4137
4139
4145
4160
4164
4184
4185
4197
4214
4222
4232
4233
4235
4257
4261
4264
4265
6534
4275
4281
4286
4289
4303
4305
4313
4314
4326
4327
4328
4335
4341
4346
4348
4353
4358
4361
6127
4365
4370
4378
4382
4383
4387
4399
7691
4405
4407
4416
4429
4431
4434
4441
4448
4462
4465
4482
4493
4510
4511
4512
4515
4523
4524
4526
4528
4529
4530
4543
4561
4564
4566
4571
4575
4589
4596
4599
4609
4616
4619
4624
4628
4645
7100
8125
6776
4648
4656
4659
4663
4664
4667
4673
4683
4692
4717
4718
4721
4738
4740
4772
4792
4804
4811
4812
4817
4841
4848
4860
4873
7548
4875
4879
4882
4889
4892
4903
4911
4923
4926
7694
4928
4931
4932
4947
4948
4959
4964
4975
4976
4986
4995
5008
5011
5012
5020
5027
9022
5030
5031
5032
5033
5042
5049
5052
5057
5063
5081
5083
5090
5091
5099
5100
5101
5103
5112
5131
5134
5139
5145
5147
5151
5168
5170
5171
5172
5181
5186
5187
5195
5200
5201
5233
6157
5237
5243
5247
5262
5270
5281
5283
5290
5300
5304
5320
5322
5325
5329
5332
5334
5336
5356
5357
5363
5366
5370
5383
5387
5391
5394
5400
5412
5421
5422
5432
5434
5442
5444
5447
5475
5487
5488
5489
5495
5500
5507
5509
5511
5515
5525
5527
5544
5569
5575
5577
5585
5589
5596
9275
5600
5607
5608
5611
5620
5623
5636
5638
5640
5645
5657
5664
5671
5674
5678
5685
5689
5696
5700
5701
9635
5708
5712
5717
5721
5726
5736
5770
5782
5784
5790
5795
5802
5807
5812
5817
5818
7187
5821
5822
5826
7938
5828
5831
6744
5836
5840
5845
5861
5865
5869
5873
5878
5880
7103
5895
5896
5902
5903
5908
5911
5917
5931
5935
5937
5955
5957
5959
5967
5973
5975
5978
5983
5985
5988
5992
5999
6017
6022
8034
6031
6033
6041
6042
6051
6078
6081
6085
6095
6096
6148
7373
6150
6155
6159
6185
6188
6190
6195
6206
6209
6211
6228
6237
6240
6246
6248
6254
6256
6258
6261
6267
6269
6272
6993
6279
6291
6292
6294
6304
6319
8285
7001
6333
6355
6357
6371
6373
6376
6382
6388
6391
6399
6401
6403
6411
6415
6418
6426
6428
6429
6430
6431
6454
6457
6462
6469
6476
702
6485
6494
6495
6498
6509
6518
6521
7188
8375
6537
6544
6546
6555
6557
6560
6565
6566
6567
6588
9561
6596
6607
6610
6611
6614
6618
6622
6637
6639
6640
6644
6649
6653
6659
6660
6665
6679
6708
6709
9961
6712
6718
6719
6723
6724
6920
6725
6739
6742
6748
6752
6756
6761
6768
6770
6772
6773
6786
6796
6803
6810
6825
6831
6832
6839
6841
6862
6880
6895
9080
6912
6913
6919
6922
6923
6929
6932
6933
6936
6939
6950
9706
6957
6966
6972
6976
6981
6982
6988
6989
8182
6994
6998
7012
7015
7017
7024
7026
7031
7033
7040
7041
7042
7047
7048
7049
7056
7060
7061
7064
7069
7071
7075
7079
7080
7087
7093
7105
7111
7123
7124
7127
7137
7139
7142
7153
7156
7158
7163
7164
7165
7197
7199
7219
7220
7240
7243
7244
7257
7262
7264
7267
7268
9180
7272
7279
7297
7300
7301
7318
7328
7332
7344
7347
7353
7360
7368
7371
7378
7382
7392
7416
7418
7428
7431
7434
7810
7442
7450
7451
7452
7457
7465
7470
7472
7475
7478
7482
7491
7493
7497
7500
7501
7502
7534
7535
7540
8641
7543
7544
7549
7551
7561
9005
7562
7566
7569
7575
7576
7579
7599
7607
7619
7620
7627
7628
7629
7638
7659
7671
7689
7695
7707
7715
7730
7746
557
7747
7748
7749
7754
7756
7762
7767
7771
7776
7783
7787
7790
7808
7832
7842
7848
7853
7854
7864
7875
7882
7885
7889
7895
7902
7917
7921
7923
7926
3296
7932
7934
7958
7966
3410
7967
7971
7977
7981
7984
7989
7994
7997
7998
8000
8004
8015
8037
8055
8057
8069
8072
8073
8084
8098
8099
8106
8110
8112
8119
8129
8140
8169
8172
8176
8177
8185
8194
8195
8203
8216
8217
8218
219
8221
8231
8232
8236
8246
8248
8250
8254
8264
8267
8284
8286
8290
1697
8294
8307
8308
8316
8317
8321
8332
9039
8339
8344
8353
8358
8365
8398
8399
8401
8405
8420
113
8427
8430
8439
8440
8442
8445
8450
8452
8456
8459
4446
8462
8464
8475
8477
8484
8485
2535
8491
8495
8506
8522
8524
8530
8533
8534
8536
8544
8548
4195
8549
8553
8562
9513
8566
8573
8582
8586
8593
8594
8606
8609
8618
8623
8629
8631
8635
8643
8645
8653
8663
8667
8669
8672
8675
8702
8710
8715
8724
8725
8727
8729
8730
8747
8755
8768
8779
8786
8787
8789
8795
8803
8811
8823
8829
8834
8838
8840
8848
8851
8858
8866
8868
8869
8871
8875
8877
8879
8887
8902
9367
8915
8918
8920
8922
8923
8929
8931
8947
8953
8955
8956
8969
8970
8972
8990
8991
8992
9006
9010
9018
9020
9820
9027
5605
9028
9032
9033
9040
9042
9053
9055
9057
9062
9081
9091
9095
9097
2886
9116
9122
9126
9139
9144
9149
9153
9155
9164
9165
9175
9177
9181
9193
9198
9199
9203
9209
9215
9221
9227
9234
9250
9253
9259
9261
9270
9278
9279
9289
9297
9309
9314
9317
4036
9322
9323
9325
9327
9347
9358
2533
9365
9370
9371
9375
9386
9389
9394
9400
9404
1407
9414
9423
9431
9437
9442
9466
9468
9472
9473
9474
9482
9485
2097
9490
9506
9507
9516
9535
9543
9553
9557
9574
9577
9583
9587
9595
9605
3031
9611
9628
9638
9641
9642
9687
9662
9663
9669
9685
6598
9694
9697
9699
9708
9709
9714
9723
9741
9744
9745
9746
9755
9760
9761
9770
9785
9787
2007
9791
4317
3406
9802
9805
9810
9829
9836
9842
9847
9854
9865
9870
9871
9876
1302
9877
9904
382
9934
6414
9937
9940
9941
9942
9946
9947
9948
9976
9983
9987
21
35
48
84
111
116
135
151
6547
167
176
185
6496
192
203
212
215
221
238
245
262
4408
6974
266
443
272
288
296
303
314
358
376
378
400
422
435
446
459
466
4070
468
489
492
498
501
517
519
581
583
586
610
617
620
4632
625
626
648
649
653
655
660
662
682
688
693
703
713
746
757
776
785
788
795
800
2955
830
839
844
853
854
890
905
929
962
979
980
995
1002
1015
1064
1068
1075
1076
1085
1089
1121
1125
1131
1134
1140
1141
1162
1214
6491
1234
1254
1258
1291
7275
1303
1323
1330
1350
1363
1373
1394
1402
1405
1421
1460
1463
1479
1485
1489
1516
1517
1523
1525
1528
1562
1563
1581
1607
1611
1676
1690
1691
1715
1718
1722
1727
1728
5830
1729
1731
1732
1735
1786
1792
1796
1808
1810
1816
1823
1824
1827
1829
1853
1863
1868
1882
1888
1902
2165
1907
1908
4010
1922
1924
1936
1940
5512
1952
1961
1990
2002
2006
2017
2031
2040
2055
2061
2075
2078
2081
2083
2089
2093
2117
2125
2128
2136
2141
2145
2152
2156
2172
2173
2195
2196
2206
2212
2216
2223
2224
2228
2229
2244
2254
9290
2272
2286
2292
2297
2307
2316
2344
2348
2353
2354
2370
2375
2385
2386
2389
2392
2398
2423
2432
2440
9124
2452
2453
2462
2463
2472
2478
2480
2496
2499
2507
2512
2517
2530
2542
2564
2568
2596
2598
6629
2611
2634
2638
2647
2651
2659
2660
2662
2689
2699
2706
2719
2724
2730
2736
2738
2748
2760
2767
2778
2785
2797
2803
2811
2815
2839
2842
2857
2867
2869
2877
2881
2902
2926
2932
2936
2967
7891
7390
2971
2974
2979
2984
2999
3017
305
3022
3032
3052
3056
3058
3076
3088
3129
3147
3154
3155
3161
3184
3202
3220
3226
3228
3246
3249
3254
3280
3293
3309
3310
3311
7581
3322
3331
3332
3342
3343
3347
3352
3353
3359
3371
3382
3383
3384
3414
3415
3419
3434
3458
7526
1273
3469
3471
3488
3501
3519
3521
9152
3537
3540
3545
3560
3595
3603
3610
3616
3625
3628
3638
3640
3660
3671
3673
3675
3677
3702
3728
3761
3766
3775
3779
458
3782
3786
3793
3805
3827
3850
3873
3875
3877
3891
3898
3906
3907
3913
3921
3923
9817
3925
3940
3947
3975
3982
4000
9701
4002
4007
4012
4021
4038
9308
4049
4054
4063
4094
4106
4120
4129
4138
4156
4158
389
338
4166
4169
4208
4340
4226
4231
4251
6729
4252
4266
7423
4272
4278
4298
4309
4392
4325
4330
7323
4336
4343
4356
4364
4385
4390
4403
4404
4433
4444
4447
4457
4479
4489
3039
2036
4505
4525
4527
4535
4553
7560
4565
1815
4569
4570
4580
4595
4607
4623
4627
6779
1093
4639
4644
4646
4658
4660
1569
4668
4672
4714
4716
4727
4734
4750
4756
4774
4779
4781
4784
4798
4799
4800
4803
5276
4816
4827
4829
4833
4846
4855
4869
4878
4880
4886
4896
9262
4925
4939
4953
4968
4971
2189
4972
4984
3463
4994
5024
5041
5045
5084
5096
5102
5117
5154
5161
5175
5202
5206
5209
5215
5234
5239
5250
5251
5271
5273
5288
5331
5333
5341
5373
5374
5377
5389
5393
5397
5405
5417
5426
5481
5484
5526
5528
5538
5543
5552
5555
5567
5572
5586
5595
5612
5629
5654
5692
5710
5713
5716
1194
5719
5742
5775
5804
5805
5809
5814
5837
5838
5839
5849
5918
5923
5938
5946
5956
5972
5989
5996
6012
6061
6072
6074
6076
6082
6088
6090
6114
6120
6126
6140
6145
6163
6177
9556
6192
6194
6196
6212
6215
6219
6229
6251
6255
4606
6268
6277
6278
6281
6295
6300
6302
6303
6310
6311
6320
6324
6617
6329
6348
6356
6380
6387
6392
6463
6481
6490
6510
6512
6516
6524
6525
6538
2604
6550
6556
6564
6577
6581
6597
6599
6601
6615
6623
6650
6671
6674
6701
6704
6734
6740
6765
6787
8770
6792
6812
6815
6852
6857
6859
6864
6876
6879
6899
6901
6930
6953
6954
6956
9539
6959
6970
6979
7022
7037
7045
7053
7072
7095
7101
5680
7106
7118
7125
7130
7138
7141
7143
7146
7160
7162
7172
7174
7178
7182
7192
7194
7216
7223
7230
7234
7282
7294
7311
8211
5110
7326
7335
7336
8870
748
7340
7354
7357
7369
7375
7376
7381
7386
7393
7394
7405
7415
7432
7471
7484
7503
5581
7506
7508
7521
7525
7536
4269
7538
7553
7583
7631
7634
8297
5729
7647
7648
7670
7678
7693
9505
7698
7700
7709
7729
7737
7755
7758
7774
7780
7795
7802
7804
7816
7821
7840
7841
7844
7847
7849
7858
7861
7878
7894
7900
7904
7925
7927
2899
3547
7937
7944
7945
7947
7964
7968
7973
7980
7996
8010
8023
8028
8043
8046
8063
8065
8071
8077
8091
8092
8144
8149
8165
8192
8193
8201
8219
4563
8227
8259
8283
8303
8325
8328
8329
8373
8387
8422
8453
8463
772
6270
8467
8476
7233
8499
8504
8508
8509
7942
8532
8559
8574
8584
8599
8607
8611
1342
8612
8619
8632
9615
8633
8636
8639
8652
8659
8664
8673
8676
8679
8695
8723
8728
8753
8758
8775
8780
8796
8801
8805
2734
8816
8818
8822
8849
8855
8856
8899
8910
8962
8979
8981
8994
8999
9004
9007
9016
9019
9023
9891
9026
9038
9043
9047
9049
5386
9072
4258
9078
9084
6121
9100
9102
9114
9119
2474
9148
9163
9187
9207
9222
9229
9230
9248
9260
9263
9316
9342
9374
9379
9407
8490
9432
9439
9449
9457
5138
5203
9463
9483
9489
9498
9500
9514
9545
9555
9572
2028
9573
9579
9581
9591
9592
9604
9607
9617
9636
9640
9652
9666
4773
9674
9698
9702
9710
9711
9721
9722
9750
9752
9753
9756
9772
9781
9788
9789
9792
9799
9823
9828
9840
9848
9859
9860
9861
9882
9890
9892
9895
9902
9921
9944
9945
9952
7030
6331
9956
9957
9964
9969
9973
9977
9988
9994
9997
9886
75
89
92
122
123
173
230
239
252
259
263
264
300
352
365
372
373
381
4600
412
413
7498
416
452
472
512
537
570
786
582
9315
585
588
612
2922
633
646
652
735
749
766
799
832
847
850
856
860
8081
865
867
889
900
904
912
930
984
986
1039
1051
1571
1091
1107
1136
1166
1169
1199
1206
1225
4159
1257
1281
8919
1288
1290
1312
2537
1337
1339
1409
1429
1478
1495
1496
1552
1558
1582
7978
1584
1597
1605
1717
1764
1775
1783
1821
1875
1911
1920
1944
1982
2020
2043
2047
2064
2085
2088
2109
2114
2168
2177
2185
2190
7348
2205
2059
2239
2277
2291
2303
2329
5733
2387
2391
2399
2415
2449
2461
2467
2483
2488
2518
2532
2554
2577
2595
2610
2612
2636
2672
2703
2711
2759
2794
2800
2826
2871
2878
2895
7520
2900
2901
2903
2905
2918
2923
2941
2946
3005
3035
3063
3067
3077
3085
3096
3118
3160
3165
3480
3199
3201
3234
3259
3266
3287
3387
3438
4680
3447
3504
3536
3571
3596
3598
3608
3645
3646
3690
3711
3737
3741
3743
3763
3771
3799
3845
3874
3894
3903
3931
3989
4004
4034
4060
2280
4077
4097
4100
4122
4179
4186
4253
4255
4260
4295
4319
4323
4329
4359
4377
4421
4427
4432
4455
4456
4459
4471
4490
4497
4514
4520
4556
4568
4586
4611
4629
4647
4652
4653
4675
4737
4678
4704
1106
4764
4844
4858
4919
4921
4951
4996
5017
5029
5040
5060
5076
5092
5127
5144
5158
5211
5219
5222
5272
5275
5297
5327
5328
5347
5358
5372
5423
5449
5462
5514
5531
5535
5558
5622
5632
5652
5661
5667
5669
5753
5756
5769
5797
5833
5915
5929
5984
6028
8266
6036
6038
6053
6056
6063
6113
6184
6214
6218
6262
6283
9510
6297
6301
6313
6383
6419
6455
6475
6492
6533
6539
6553
6582
6603
6608
6663
6673
6686
6743
6757
6764
6820
6822
6829
6860
6888
6897
6907
6924
6926
6964
6973
6978
7014
7018
7044
7046
7062
4583
7066
7082
7122
7228
7238
7258
7274
7277
7324
7334
7337
7356
7379
7395
7410
7411
7417
7456
7473
7563
7608
7614
7642
7728
7732
7757
7792
5307
7796
7814
7867
6337
7884
7893
7910
7914
7936
4312
3502
4454
9647
8012
8014
8018
8078
8121
8141
8145
8148
8150
8199
8233
8274
8291
8355
8359
8361
8364
8381
8511
8515
8558
1229
8560
8565
8601
8637
8682
8691
8699
8708
8734
8514
2937
8763
8773
8777
8778
8791
8830
8835
8836
8852
5292
8881
8891
8924
8926
8943
8949
8982
8985
8995
112
9046
9048
9071
7083
9075
9083
9086
9092
9096
9101
9141
9173
9251
9274
9280
9284
9285
9338
9341
5302
9352
9383
9393
9395
8518
9402
9503
9512
9521
9526
9532
9540
9567
9582
9593
9597
9668
9671
9680
9681
9766
9774
9806
3565
9824
9844
9862
9894
9917
9939
9975
9984
4937
95
121
137
145
162
199
210
289
315
340
357
417
5941
434
445
544
643
647
679
692
698
704
789
818
846
852
926
1019
1152
1156
1232
1241
1280
1307
1325
1352
1470
1480
1508
1550
1561
1603
1643
2975
1787
1820
1874
1983
2054
2067
2090
2120
2122
7250
2135
2202
2237
2267
2269
2327
2388
3049
8526
2456
2471
2509
2561
2578
2619
2627
2741
2820
2843
2920
2961
2994
3108
3255
3363
3392
6698
3426
3448
3556
3707
3724
3797
3901
3922
3968
3974
3993
4040
4126
4163
4200
4212
4238
4249
4342
4449
4608
4618
4635
4710
4736
4808
4813
4868
4874
4915
5054
5094
5109
5205
5207
5221
5351
5441
7820
5497
5505
5518
5529
5615
5633
5634
5684
5767
5791
5810
5841
5854
5855
5909
5912
5990
6026
6027
6064
6066
6169
6244
6284
6370
6394
3855
6397
4477
6405
6432
6437
6486
6522
6542
6641
6657
6676
6677
6909
6935
7054
7202
7273
7287
7316
7322
7342
7404
7414
7419
7439
7449
7480
7490
7537
7592
7602
7653
7664
7680
7683
7866
7920
7933
8003
8008
8013
8109
8142
8164
8225
8310
8313
8337
8393
8435
8494
9401
8529
8568
8617
8627
8650
8655
8696
8742
8798
8821
8892
8952
8957
8978
9041
9231
9255
9272
8400
9329
9351
9411
9427
9430
9447
9479
9580
9650
9718
9971
97
202
261
270
291
299
927
1006
1181
1310
1415
1417
1710
1791
1917
2264
2367
2680
2769
3357
3988
4023
4218
4324
4491
4498
4506
4640
4851
4993
5324
5415
5486
5666
5668
5969
6073
6241
6247
6340
6341
6484
6563
6600
6683
6962
7211
7857
7928
8434
9014
9208
9673
9968
9996
11
47
871
1962
2943
3157
3257
3859
3876
4020
4147
4331
4337
4460
4743
5015
5217
6409
6875
8717
9518
9949
440
1418
2319
2325
3116
3219
3335
5456
5735
6934
7797
7905
794
9884
