3683200
14
778
730
716
258
76
591
393
117
29
215
665
216
80
839
417
223
788
462
429
543
898
353
695
329
683
983
632
769
606
132
980
399
671
995
428
415
807
843
748
95
377
541
306
613
425
16
355
104
490
344
688
250
89
300
517
813
899
833
794
48
535
885
568
251
363
793
392
110
145
910
985
706
382
419
381
154
476
741
715
935
130
81
714
5
866
609
156
94
201
261
229
846
661
194
287
204
789
446
602
167
826
964
27
745
475
98
560
412
998
892
142
969
34
176
497
369
72
366
692
845
323
618
175
886
435
828
721
888
180
257
820
841
728
754
424
842
478
143
140
799
622
342
232
12
186
410
407
21
307
318
724
580
524
286
367
133
619
830
296
214
275
299
50
881
658
373
539
198
548
147
316
680
457
422
113
55
264
792
804
82
873
169
260
903
589
522
510
292
313
582
752
456
801
705
222
883
797
930
254
763
929
701
708
177
124
700
581
815
157
451
20
100
185
141
448
676
67
629
18
139
597
336
6
388
121
395
939
284
197
42
452
472
554
523
469
656
164
317
30
115
943
420
832
818
678
530
482
690
440
341
339
805
759
908
698
179
978
358
811
282
594
11
211
340
610
699
350
917
184
466
800
290
371
455
682
621
362
798
460
550
330
572
577
447
298
486
396
327
681
427
63
520
889
397
667
346
617
973
66
40
266
432
599
806
224
256
707
571
736
516
159
411
608
785
84
178
54
863
131 992
226 464
148 218
302 633
817 2
774 26
278 590
126 489
33 860
203 601
190 483
636 268
553 241
421 558
502 534
564 458
999 614
37 775
620 207
122 579
102 588
28 584
78 246
391 308
172 383
677 293
183 181
749 265
125 519
840 47
566 128
22 858
36 647
234 470
474 526
375 233
423 557
402 41
642 253
956 949
304 398
199 189
732 328
389 587
123 611
86 719
271 99
73 544
65 549
905 3
459 531
495 333
255 171
270 166
244 465
814 933
696 280
134 615
747 311
105 687
380 563
697 338
540 269
188 666
686 168
734 146
68 823
612 405
506 952
725 331
954 879
314 434
109 634
528 406
638 934
285 135
499 979
928 997
803 981
648 137
467 364
61 827
43 825
921 4
301 49
746 963
408 195
384 593
513 161
305 975
231 664
796 345
893 69
914 891
912 7
737 320
546 259
761 38
35 569
653 200
262 433
51 784
32 837
575 217
44 859
857 861
309 324
202 735
809 152
439 493
15 875
196 473
319 808
39 247
58 555
605 480
960 924
733 192
46 862
488 982
230 600
994 717
768 263
379 565
990 907
762 118
659 206
740 136
790 228
150 551
153 537
289 119
944 968
83 780
631 463
138 786
679 349
993 880
8 273
668 182
436 596
871 23
758 74
509 163
853 310
906 59
507 501
583 144
897 13
274 592
390 684
703 162
603 212
368 570
574 240
227 409
645 401
450 236
348 573
471 235
521 492
545 193
744 996
731 19
525 297
414 989
209 174
743 52
365 79
951 644
657 219
352 623
279 357
220 479
900 961
170 484
276 374
242 662
894 795
106 669
75 655
729 129
477 165
640 360
9 674
112 810
277 712
965 967
755 291
722 77
372 376
651 221
776 896
926 913
243 654
822 71
604 288
829 127
272 418
836 1
116 585
756 205
850 326
303 114
400 505
561 337
532 449
635 426
321 386
691 430
515 454
60 750
757 955
767 103
670 312
108 630
851 920
624 394
595 782
835 62
791 111
950 931
487 351
354 252
781 884
834 90
536 403
160 556
783 120
45 802
347 607
97 237
335 626
945 974
812 938
533 445
413 673
527 453
586 96
941 932
689 85
238 598
709 753
442 504
210 481
760 948
494 500
887 831
334 281
64 723
704 387
88 693
766 727
957 947
416 652
283 643
93 821
562 149
24 672
151 213
937 877
787 245
953 641
742 107
874 17
904 918
511 946
468 173
191 491
332 322
225 437
628 444
441 578
650 325
10 854
849 864
542 343
514 498
87 616
751 208
1000 694
779 248
158 675
57 847
988 869
359 576
370 552
31 824
538 646
361 711
876 710
987 856
718 155
663 764
770 187
962 872
959 294
56 771
378 512
249 438
431 627
919 702
713 267
92 239
976 726
503 496
984 639
927 685
986 895
53 773
70 547
518 940
991 902
958 942
972 865
529 404
772 356
295 637
315 625
660 443
765 901
838 925
870 844
936 649
855 922
559 461
867 971
852 977
567 909
739 738
878 911
868 916
720 385
970 923
25 848
508 485
915 882
777 101
890 819
816 91
