1572800
30
165
927
887
815
155
118
979
944
654
462
813
253
570
111
59
714
256
255
216
299
860
537
659
653
926
271
24
500
23
895
575
557
306
612
37
588
418
576
667
330
360
888
298
241
403
956
812
445
100
886
539
529
398
116
450
67
384
664
338
164
785
808
897
527
144
473
89
392
190
345
851
488
361
600
692
471
510
495
249
767
304
393
906
163
561
182
965
883
97
900
798
168
8
981
501
718
947
441
690
787
744
551
181
802
461
959
371
999
639
26
509
19
449
856
74
630
143
494
287
598
736
389
399
857
259
413
374
263
278
788
605
448
228
935
139
603
150
260
967
373
648
307
635
874
178
17
882
873
33
362
311
379
104
217
383
974
317
932
524
50
308
904
765
843
824
958
563
954
846
315
879
201
800
532
9
841
56
699
870
276
478
166
830
493
98
498
87
167
297
980
810
508
592
348
354
477
713
490
915
138
251
914
203
105
652
397
247
454
621
290
651
763
460
976
198
180
523
562
604
566
322
28
549
629
489
75
410
552
359
174
293
907
372
254
511
642
936
700
877
170
312
51
918
553
966
62
837
439
774
221
694
61
102
291
346
378
807
574
183
341
368
172
66
162
725
517
196
797
301
189
599
696
590
709
452
657
208
420
708
836
880
358
761
267
356
286
329
349
731
555
656
946
595
905
704
748
776
76
743
565
569
541
25
533
323
285
414
443
497
912
677
636
701
465
711
782
703
738
730
528
589
832
564
712
858
929
416
272
35 757
434 480
516 18
22 645
69 99
88 55
466 586
149 855
382 638
40 492
319 39
52 268
363 6
21 746
1000 406
695 526
423 601
94 602
963 20
57 119
793 716
432 223
91 176
195 5
209 90
326 789
579 506
230 68
47 313
375 941
120 435
978 233
202 282
486 809
227 894
424 545
626 671
554 754
231 702
479 158
171 834
391 952
49 147
593 665
257 678
117 137
426 225
938 567
128 409
321 13
620 756
148 122
749 417
930 292
239 54
475 206
80 474
205 279
141 140
112 543
42 422
649 580
3 186
154 943
957 411
188 908
518 872
582 504
234 210
993 587
687 365
109 440
318 682
151 81
971 219
340 734
16 160
212 266
12 459
107 401
823 723
71 193
786 125
289 123
275 814
496 93
131 92
585 719
224 73
540 514
157 849
161 45
676 546
152 342
169 284
316 512
43 127
987 10
204 280
115 867
428 522
530 917
881 668
303 558
133 352
177 265
596 764
544 720
238 200
124 997
270 619
583 750
505 32
726 775
77 484
655 805
955 264
114 991
29 427
806 72
250 850
2 520
633 663
296 584
791 444
273 939
7 503
534 766
467 581
669 367
903 650
482 302
96 470
404 871
1 222
38 425
548 760
641 631
609 476
876 134
179 388
951 63
213 735
697 778
977 218
538 226
103 146
366 892
58 229
779 400
132 972
613 890
173 924
945 429
369 992
784 759
437 211
451 831
421 816
377 984
865 334
968 242
869 153
996 573
44 990
192 300
126 135
673 781
507 244
337 617
925 615
646 591
953 60
519 772
686 142
777 472
78 79
931 277
705 485
402 327
521 928
15 4
662 547
773 660
396 840
643 845
159 969
332 920
803 106
698 353
842 381
187 328
487 863
407 910
314 794
755 412
868 675
34 41
395 844
542 839
828 644
394 481
961 246
380 933
347 898
65 31
408 827
884 625
916 320
862 336
438 889
258 989
826 693
825 386
560 680
727 136
431 515
818 732
559 770
721 729
463 606
817 706
48 310
83 982
658 739
453 771
674 531
199 95
758 769
262 715
550 819
597 627
940 248
571 859
430 893
269 821
983 215
691 355
536 525
185 110
331 666
274 683
184 261
922 85
622 456
681 175
861 309
753 672
240 854
670 742
847 64
745 281
751 722
795 370
973 611
433 502
145 950
796 237
962 252
852 197
783 385
833 634
578 768
891 113
86 942
911 637
594 685
733 288
364 647
415 937
556 689
220 82
513 790
46 333
572 838
848 679
343 684
607 762
970 14
121 986
628 885
707 419
985 11
84 998
896 324
469 305
447 442
949 294
780 130
436 801
483 864
376 923
820 661
156 822
357 960
325 921
390 875
835 236
829 344
335 640
964 632
194 899
455 351
710 741
616 191
499 245
535 909
792 405
446 919
468 866
101 53
36 129
948 295
934 70
618 752
688 737
464 350
387 878
491 804
214 740
913 614
568 207
902 624
577 811
27 339
799 108
608 623
995 232
975 243
747 724
994 610
283 988
457 853
458 901
717 728
