5832000
711
989
322
21
844
695
251
444
635
201
145
126
850
389
490
697
614
226
710
149
628
388
669
622
424
613
990
982
169
459
793
378
434
395
289
191
738
511
836
1
97
436
240
239
515
601
949
203
401
979
517
757
414
51
555
562
766
925
574
755
672
372
384
49
591
405
339
207
993
57
889
335
727
478
35
85
545
905
518
551
626
618
79
223
244
242
144
392
853
577
909
974
832
906
564
951
101
485
847
674
92
588
171
750
991
56
285
425
678
284
430
978
52
269
831
42
540
482
977
252
71
205
369
752
488
28
537
660
394
293
741
125
464
475
724
637
968
773
247
219
657
796
166
781
371
310
927
476
969
451
349
87
681
698
935
197
454
600
818
744
565
670
422
266
646
72
193
960
726
636
701
943
729
456
107
686
82
437
718
973
494
702
709
44
272
186
418
736
900
328
648
965
175
865
156
587
771
312
58
33
368
633
798
73
449
396
878
789
481
665
524
917
100
39
573
922
624
381
673
241
258
809
800
176
69
54
263
911
948
530
539
38
872
16
420
111
916
632
692
575
273
972
196
333
215
712
340
309
567
24
833
255
558
930
236
745
440
586
879
296
496
353
321
9
814
375
262
303
487
308
612
862
316
526
875
135
994
503
791
357
580
403
703
560
154
305
448
366
998
95
323
429
546
676
330
801
23
99
730
257
961
921
64
208
740
997
84
649
886
163
170
938
895
934
397
93
617
772
734
735
342
190
677
109
161
14
950
915
787
461
477
864
946
609
988 27
360 820
216 143
557 571
572 566
129 113
855 173
26 912
297 873
90 6
863 20
148 94
233 13
714 486
377 716
301 667
508 432
32 98
675 563
177 89
644 645
74 66
780 387
123 608
187 893
760 307
290 830
260 53
854 317
237 717
774 415
749 206
164 753
689 338
192 61
19 141
267 731
857 326
824 274
137 91
261 838
281 848
62 892
224 746
60 908
966 218
913 227
408 639
96 105
531 776
10 198
568 356
620 654
264 940
732 348
228 77
204 986
155 108
867 329
30 189
474 638
334 647
367 887
980 116
3 933
438 525
758 365
5 959
153 901
653 352
775 280
15 112
398 688
174 46
235 953
238 76
130 596
245 797
668 277
914 298
516 458
944 157
34 86
859 114
373 967
942 188
549 407
63 106
788 271
805 282
288 721
221 981
794 362
11 185
178 899
59 920
138 782
462 822
770 172
547 428
4 152
584 354
627 514
700 419
404 870
684 495
47 165
22 858
869 319
480 457
795 200
50 45
843 160
550 382
37 182
919 276
821 344
287 792
55 136
294 693
816 250
453 756
231 804
777 275
268 926
2 132
299 827
195 743
548 589
841 341
115 121
168 83
492 470
327 996
902 12
607 680
447 501
928 249
602 412
320 542
553 754
295 785
181 779
210 513
445 544
658 466
279 883
67 907
705 370
582 643
81 124
291 995
552 576
874 162
332 952
212 880
696 455
359 521
386 570
40 179
799 350
391 845
585 347
728 304
211 763
527 410
214 615
469 704
720 315
536 579
286 876
866 229
594 682
715 222
954 127
985 209
661 472
25 856
762 199
379 497
630 337
578 706
104 971
507 623
687 253
929 140
583 625
842 183
29 846
265 606
984 220
641 504
723 471
538 767
150 939
18 119
679 443
877 318
962 970
8 217
786 213
421 541
324 671
621 528
500 650
852 43
325 975
655 597
963 234
102 819
707 493
467 751
254 868
768 184
510 610
765 364
964 957
761 385
519 423
417 685
829 331
402 769
406 860
523 619
640 512
983 134
88 659
167 896
840 270
159 931
383 713
78 133
733 346
581 532
80 7
604 737
479 468
599 355
70 146
463 806
122 118
361 802
888 302
839 117
881 17
499 813
825 202
812 147
690 491
48 956
910 256
110 947
941 232
945 225
598 533
891 259
283 834
764 374
68 128
278 884
664 465
725 413
505 460
36 958
180 783
483 663
306 722
522 778
719 427
924 31
399 828
826 194
554 790
131 808
976 932
559 656
534 446
923 142
300 605
506 784
416 849
748 345
103 815
955 243
561 651
634 314
41 835
691 426
452 473
393 871
590 603
631 662
747 390
120 810
999 904
885 292
431 817
592 376
65 75
442 811
759 400
666 313
498 441
380 861
363 629
151 903
358 992
433 535
139 890
450 484
595 569
897 158
439 509
807 343
502 803
699 230
1000 894
642 652
936 246
411 851
918 248
882 311
611 694
616 529
708 489
543 739
556 409
336 898
937 987
683 520
435 837
351 823
593 742
