187500
42
43
54
68
73
82
95
109
178
189
207
220
272
273
345
361
378
387
406
449
470
479
485
517
522
531
550
560
569
593
607
618
623
635
693
715
718
758
765
787
795
802
864
855
884
906
936
939
70
991
1000
3
9
10
18
21
23
29
34
38
41
44
57
62
64
66
72
86
110
118
121
127
128
135
143
144
146
147
149
154
155
160
164
185
190
191
200
206
213
227
231
233
234
252
253
256
263
278
286
291
293
300
425
614
309
316
323
325
330
335
337
341
349
350
353
358
364
368
391
409
416
428
433
435
437
457
461
463
465
480
496
497
514
516
518
527
532
539
543
545
563
534
572
579
581
613
633
637
643
650
664
669
677
694
701
702
705
708
712
713
714
723
724
726
727
730
736
740
742
745
747
751
761
770
773
779
790
841
849
860
876
894
905
911
913
914
927
942
946
948
952
953
954
978
980
986
990
992
997
999
2
6
11
15
19
24
27
30
33
37
45
55
56
58
59
69
71
75
76
77
78
79
80
83
882
101
105
112
116
131
137
138
141
111
151
165
168
175
179
126
182
183
188
195
201
202
204
209
210
211
216
217
218
219
223
225
230
232
245
249
255
261
264
921
265
268
270
271
275
289
298
302
305
307
310
321
328
331
332
340
344
352
354
359
362
366
367
379
384
385
811
390
392
393
555
400
444
402
407
417
418
427
429
432
436
438
441
446
447
171
450
456
469
476
477
478
484
486
488
495
502
504
508
509
511
523
530
538
542
544
554
559
565
566
570
571
573
575
583
584
589
595
597
510
601
603
612
615
625
626
636
640
641
645
647
653
656
657
660
661
671
672
673
675
683
688
692
696
698
700
710
719
721
722
725
733
738
746
759
760
766
768
771
774
783
786
791
803
804
805
807
820
828
829
832
842
25
845
846
847
848
856
857
858
859
867
870
871
873
879
885
896
898
904
909
910
922
930
932
935
944
955
956
957
960
966
968
969
971
976
983
667
984
987
988
998
4
12
13
16
17
22
28
35
36
40
924
47
48
49
51
52
60
61
67
74
81
90
93
96
98
99
100
104
108
120
123
130
132
134
148
152
157
831
159
162
163
167
169
170
172
174
176
184
186
192
205
222
224
229
236
237
238
239
240
246
247
251
254
259
260
266
501
276
279
282
290
292
294
301
304
311
317
319
320
326
329
166
338
342
343
348
351
355
356
365
370
973
377
388
395
396
404
408
410
412
420
421
424
426
431
434
448
452
455
459
467
468
472
482
487
491
492
493
498
499
500
505
515
521
525
529
535
541
548
781
551
553
561
519
562
564
577
580
582
586
197
943
590
594
821
599
600
602
604
609
610
611
620
624
627
629
632
634
648
654
659
663
681
682
684
685
686
687
689
691
697
699
703
709
720
731
732
735
741
752
756
757
763
767
777
782
784
797
798
806
819
825
826
830
833
834
838
840
843
854
862
866
869
872
874
875
883
886
887
889
890
891
897
899
900
907
916
918
919
920
923
928
938
941
949
950
959
962
967
970
981
985
989
993
996
5
26
31
39
50
84
85
87
88
89
91
102
107
113
114
115
125
136
156
161
173
177
749
180
181
193
194
198
199
203
212
214
215
228
241
242
243
244
250
257
258
267
274
277
280
284
287
299
303
312
313
314
318
322
915
324
336
346
363
369
372
373
376
381
382
383
386
394
397
399
403
411
414
415
419
430
439
440
442
451
453
458
460
462
464
471
483
490
494
506
520
526
528
533
536
547
549
557
591
596
598
605
617
619
621
638
639
347
642
644
655
658
666
668
670
676
678
695
704
707
717
737
743
750
753
755
762
775
780
788
789
792
794
800
801
808
812
813
822
824
835
837
852
863
868
877
881
888
901
902
908
912
917
931
933
934
940
947
951
958
961
963
964
972
974
979
994
1
8
32
53
92
94
97
103
187
117
119
122
139
140
153
158
196
226
235
248
283
288
295
296
306
308
315
334
339
360
374
380
389
398
401
405
413
422
443
445
454
466
489
512
513
524
537
540
546
556
558
568
576
585
588
592
606
608
616
630
631
649
651
652
665
674
679
690
716
744
754
769
772
785
793
796
810
814
816
662
817
823
827
844
851
853
861
865
878
893
895
903
926
929
937
945
975
982
995
20
46
63
106
124
129
133
145
150
262
269
285
297
357
371
473
475
503
507
574
578
587
680
706
711
728
729
734
739
748
764
776
778
799
809
818
836
839
880
892
965
977
14
65
142
208
221
281
327
423
474
481
552
567
622
815
7
333
375
628
646
850
925
