32424000
783
4773
2544
3817
659
1847
4302
2681
2423
4672
202
3760
3032
1350
3977
4431
1572
2401
594
1393
24
2693
1959
4166
2757
4673
2056
4871
2545
525
4018
317
1725
4194
2167
185
1733
48
2771
206
368
892
2491
3134
3569
3769
4577
442
4798
3187
3835
2947
1181
301
548
2753
4640
3968
2542
825
1209
4761
2796
2888
2424
2612
4353
3780
2487
1859
489
213
1684
2879
3481
2957
1809
127
1728
3348
2762
1545
75
2604
1311
794
4308
1564
2752
134
830
1278
3568
4996
62
510
3135
4968
3744
490
4539
545
2670
1336
860
2951
370
4726
4819
3928
3398
2627
3354
833
1543
596
1475
1223
806
3940
2387
1891
469
4467
1303
4557
4864
2610
3519
4
4041
4767
975
2829
4733
4754
4064
4534
1938
1984
755
1754
3945
1309
4325
38
2909
4234
4931
1314
4337
986
3038
4386
1011
4320
149
439
842
1412
1659
2786
4082
2605
1044
2792
658
2677
2535
3025
1469
2733
3957
1643
1210
2345
1484
4215
3501
2107
211
3012
1600
900
644
1757
2033
3476
4541
164
4071
3936
3509
1651
1173
2966
2065
4193
4030
4743
634
3722
3378
2944
3085
4472
2983
4768
1125
1190
4432
1597
2585
2284
4396
1343
2110
2413
2528
3657
1935
2806
3834
2969
1049
4776
1448
352
3794
3739
3488
1189
4695
4921
2961
1420
1365
3542
1962
1129
1822
1288
4032
498
988
471
3293
7
984
1636
4367
2560
4578
749
1169
191
1120
608
1235
2719
1087
2055
699
105
3786
3499
3384
4527
4975
711
257
1768
2145
3953
2467
4606
2887
2504
3423
2093
4517
4291
2472
1133
2817
237
3489
183
3593
2394
382
3
1821
2334
1512
3174
3179
2898
4703
3131
1993
2390
3997
2863
3836
622
1950
2307
451
518
4857
1761
2975
1529
1745
971
4463
3092
96
1968
246
3280
781
1219
2031
3334
277
3224
1157
26
3350
3717
1949
1867
4047
3202
4885
3254
4160
1297
2850
375
787
3955
2406
3415
2223
1624
3053
2051
3842
289
1292
3632
877
2962
809
1736
3477
1279
2692
1948
774
3803
1727
3800
1519
2446
1483
992
908
2210
1669
4001
746
747
1112
2296
2673
1561
2967
2882
454
2837
3863
2523
1919
2477
2684
2871
2573
3946
1842
4159
1759
2688
275
2828
915
2992
1313
4954
2614
532
4629
1368
2177
3209
752
384
4208
1197
4189
3503
4800
1925
2185
4137
3096
488
1550
2471
2270
2836
666
3192
1991
2199
1114
1478
3570
4961
2548
4883
2072
3083
2787
286
1558
260
1741
3140
1253
3561
449
1748
2414
1931
338
3309
1012
1715
3859
1794
3592
2092
1472
4731
1482
1803
472
2939
1855
1130
1877
1089
1502
4029
1460
4004
3728
3907
1601
2195
465
444
3767
2097
1946
2715
3682
446
2186
955
412
3200
636
2460
2616
85
2906
4270
3130
4608
1417
677
4458
1800
4067
4257
2124
3427
3762
219
4079
1635
3661
4042
1612
2648
190
341
2377
2433
1208
4050
1936
3893
1337
3036
4107
4621
3976
326
1622
4409
1927
1108
3258
2821
1134
1486
270
3062
1961
2581
999
2665
2329
2213
1144
762
2900
302
4561
3808
2769
965
269
1625
2108
2134
1470
3137
649
578
2582
4055
1001
3185
1568
2227
3698
4675
1425
4058
4814
2462
3264
3918
438
1585
1663
3438
1191
909
360
1275
2886
2453
577
70
2546
2269
4226
3267
3702
3434
4057
3915
657
1115
1207
2052
2499
1985
3257
4522
678
1742
788
2655
92
364
2212
4240
66
4813
1706
4642
4274
2161
4582
2896
3872
4484
1268
2114
3914
2988
3023
172
721
147
4285
4222
2170
4655
1971
2203
1152
3417
2631
2335
4179
3740
4017
989
436
423
100
3983
1888
621
716
1147
2463
4199
2820
4853
2258
3673
453
1246
1092
766
4023
378
4499
1776
1546
79
3653
3535
2490
1071
2416
3846
4546
249
4219
3475
4163
1641
1670
1429
856
1227
1798
886
4909
3207
1513
2675
4708
1037
2584
3340
1795
4637
2282
4314
4509
1808
2017
2429
1305
753
1717
1050
1500
2139
3497
1755
2749
2085
3974
2147
1786
4098
2207
448
2485
931
1033
1078
4110
1773
3231
418
182
2228
4462
4594
4662
2102
579
3629
4702
3785
2876
4953
1901
676
124
4109
45
2197
4693
2591
266
3201
225
166
2208
1148
1361
2500
3037
1738
2027
2430
1307
3663
639
1196
586
4600
4221
3268
88
3464
2371
4418
1752
1845
4945
3110
4997
425
3777
4077
3299
4195
765
1813
4811
1649
2116
1793
3365
4108
2458
3235
2192
1200
1844
1065
130
3642
1539
751
2142
605
1685
4778
4326
3691
770
4447
283
3746
1972
405
4506
1166
3812
4410
4574
500
4364
1811
2737
209
786
3647
2945
4363
867
1014
828
3848
1363
630
1658
4772
4245
1631
3180
1928
4558
3875
4101
2736
4518
2632
2057
4700
252
2385
1606
4361
583
4426
199
4332
4934
1671
3206
1640
769
850
3841
4890
823
3431
3802
1645
1373
3444
1617
1264
4223
4855
233
4470
3241
214
1627
4689
2759
3269
2885
3048
4252
2729
1444
215
1004
2929
3715
1493
4493
3982
1437
3884
4389
1854
2870
63
230
3480
1052
4595
732
2773
3077
576
2481
2954
4260
3199
1865
3804
4358
1892
3776
748
906
3949
2287
3330
4494
262
4496
2731
3428
304
996
1010
2563
623
1586
562
2149
466
1265
445
4059
4710
4444
4861
2825
2955
3952
3867
4124
4483
2519
4306
2713
1690
3376
3040
3311
312
4989
2013
3322
4330
3460
1481
4436
4344
3591
4052
3530
280
414
2514
503
1031
600
1942
650
952
4552
3177
2558
36
2915
1339
2943
4437
4210
1096
1578
3284
4549
4537
3469
1590
4196
4061
4717
4520
2452
642
814
1616
2784
4995
3370
3332
4152
1128
4129
2603
1103
4592
1700
377
2889
546
1068
2630
638
1027
1548
4687
2303
4231
3724
3888
1885
3375
4987
4449
3039
1899
2397
1541
2973
1405
2704
3429
47
1215
2676
923
847
473
1856
3779
3203
2505
4762
1284
2165
2638
1912
1713
1046
4246
2758
1804
3713
3707
3711
3321
4262
4705
3919
4508
131
505
1861
3617
1459
1730
3571
580
4128
3142
549
3262
3313
592
3847
1889
86
1626
60
4216
2428
4908
667
671
1221
162
3838
1266
12
1360
97
2475
181
4033
492
4752
3198
1726
4026
2014
3599
1382
1592
227
4939
4917
1581
4450
727
2921
1445
223
2060
2137
4149
1440
3563
709
2913
1875
1182
2373
1711
3641
3371
2702
2893
3833
4438
3076
2274
1604
235
4579
2991
1840
3416
3233
4514
2586
2265
3450
4407
2847
2928
4307
3252
151
3019
1894
1163
964
2015
2598
138
475
4060
4482
325
2437
4242
2220
2128
107
3973
4281
2239
4076
161
3010
1994
3710
3116
4206
3971
4860
4024
4329
2233
968
1357
1743
4729
4097
3353
4805
1456
3335
3425
4651
1980
1698
3594
2911
858
4528
880
2580
1701
350
4167
2919
3066
4904
2588
2902
3495
4974
4125
4239
2255
4164
3189
2854
2716
1570
2054
3119
3529
14
3720
4486
1799
73
3828
3840
529
3990
3271
1538
3807
1110
1080
1841
1017
2357
3954
1531
2068
3111
4521
1154
1864
1634
99
4415
1526
1580
4460
1261
2849
2059
4505
647
1779
3925
2016
3678
2700
2541
1039
1135
1712
4440
3226
1555
1204
2204
82
1474
3171
2766
668
1084
4091
3471
3733
455
3345
3152
3665
1061
4525
4188
575
67
3073
434
3246
25
4797
3597
4404
798
2478
2838
18
2242
4807
250
3266
1258
136
3223
4986
4202
1329
3996
343
4425
759
1675
528
1285
1647
1024
4744
2553
4930
4078
2304
2267
1066
2008
3265
102
2539
4503
4874
829
2044
1510
3347
4802
4926
641
3552
313
948
3098
4259
2965
4480
1906
2396
3515
1569
1517
2389
4398
2174
3136
4581
3778
1224
949
2091
4185
1375
3610
168
626
1944
1824
4711
4368
2096
1943
1644
2400
84
2023
3355
3446
2730
2111
2209
3220
2574
3260
1556
3227
1406
681
2765
3524
4816
3664
1016
2099
3547
4833
1423
1656
2489
1304
4420
2034
3706
2739
3959
197
3882
305
1056
210
1403
2442
362
4287
1941
1220
4400
3813
403
2890
912
2712
2336
3485
4375
37
1982
4793
1085
3638
3639
1419
2039
1574
1272
4602
4197
1435
4044
3763
902
3478
3099
51
2980
1485
4589
1704
3931
1960
4443
2914
713
1194
1932
2977
486
3068
4273
4088
4616
1098
2451
2158
3392
3221
2763
1142
3287
422
2261
33
1945
3490
896
3979
3352
4714
2315
3101
4334
3782
4072
4892
4634
4544
4190
4366
1525
2105
4469
3405
4553
3305
4010
2650
3000
3237
1107
930
1648
19
4339
2464
3178
2611
3731
3063
4255
156
3645
4985
1954
457
1750
4276
3297
3169
4056
1789
4084
3774
1947
3222
729
3916
4980
4715
3730
2818
3396
2680
1018
4725
3397
256
1893
1074
1206
804
481
3809
3138
4536
3230
424
1076
4263
4515
22
4380
1638
152
793
34
56
1201
1146
763
1263
2827
4395
1559
2884
1691
2426
2615
1387
1834
4397
997
4507
3466
4670
540
4162
2198
4881
3461
1709
1400
4916
3735
4340
4638
2235
1431
2230
3615
2180
4740
4318
4006
2427
4780
2328
2628
2205
1081
4479
4949
935
1364
1697
3407
320
2701
3964
1751
4180
3607
3690
4174
318
2641
4504
4969
3108
3216
3318
1494
3379
3793
2486
3714
2028
3091
3217
4312
3978
2498
4682
3967
154
21
3536
2069
2727
3443
3042
4461
1753
3031
3545
3965
2029
4978
3544
4992
4054
4912
1496
416
4253
4384
4473
2061
2925
876
3184
873
2326
1969
4803
1372
2570
4452
4610
4013
2221
399
1451
4021
1646
4144
3738
4893
2263
4478
4619
13 2073
354 3421
52 1008
441 273
797 309
281 496
522 951
310 4468
512 953
76 1164
279 3961
291 1193
58 44
254 1222
251 872
1073 2783
962 474
2651 1884
4165 3505
126 4244
83 4841
502 2115
482 170
226 4835
179 607
1866 2112
117 4759
388 3272
331 796
764 717
2002 1868
201 928
1374 2567
101 4248
2767 2864
4319 1122
1300 4972
2455 1238
1167 494
4808 458
946 194
1820 2858
2811 1662
2696 2938
247 3790
1490 2551
724 3412
598 921
274 4258
268 520
4068 3613
1852 2846
612 895
245 1231
1013 832
432 2506
508 146
897 228
2050 2534
938 499
2084 1734
35 691
3531 1602
632 55
4567 11
365 663
2831 2755
620 115
4297 367
337 430
72 1184
1170 3512
640 41
1006 3584
3999 922
351 1141
484 977
702 799
680 3422
1915 4321
2291 3603
3935 944
3289 1609
599 2095
205 4624
487 3670
1086 2742
2848 2743
3755 1123
3447 1849
3795 1131
2045 1787
1464 2841
1041 627
340 742
4378 238
3602 619
818 3181
4477 674
1605 2502
336 743
2907 3995
618 2020
990 859
3102 2419
174 660
3659 31
426 550
3947 934
1282 135
1019 293
89 682
1051 538
50 690
2327 2260
2532 3147
259 865
462 2311
2143 1507
467 187
2754 2899
3850 476
3148 2347
332 4065
2668 3020
2169 2444
353 4049
443 3685
4184 193
3261 1077
4142 722
3115 2367
4310 324
71 980
646 397
1996 2398
1177 381
2290 1402
299 801
864 1232
3819 1118
371 662
307 1161
1187 3055
898 224
874 1199
570 400
3196 3924
409 300
1642 2698
2305 2317
3188 1693
431 2810
81 15
2 112
3114 2375
1138 54
178 625
420 563
4755 460
3255 1095
334 3520
123 960
835 1241
216 573
1104 264
2286 2322
776 1563
2647 2171
633 3486
240 544
118 961
3274 1672
383 1137
144 3869
2963 2526
590 3582
348 3511
1851 4355
3286 521
782 1487
2011 4186
704 319
887 560
4093 834
483 160
477 3676
2271 3606
452 547
345 410
679 1615
2722 1825
3575 700
3229 2135
1480 4601
3590 1411
758 3359
3109 2404
42 1045
1830 4433
30 4381
2117 3719
248 539
1514 2549
697 3420
3219 2236
645 1652
2756 937
2917 1999
195 932
1165 3059
333 4145
180 940
20 1903
3467 1498
2662 2162
1699 2671
531 511
1257 125
2046 4417
665 10
4943 120
461 3677
2652 1880
1327 2606
1920 2721
1449 4643
3343 212
2840 1630
1160 2732
4839 229
3069 643
2510 2834
393 3150
148 4965
1243 204
3454 1846
983 2932
4664 2101
3510 113
122 1320
3557 1461
3662 610
3315 335
322 3527
1029 2814
1598 2740
985 890
167 1302
3528 1777
358 687
1192 3502
2202 3873
459 524
569 939
656 396
1072 116
1233 3024
926 196
316 4888
4412 121
3791 1155
2361 2216
807 1390
1384 4684
3088 1355
1637 2706
2370 2181
816 3310
855 589
904 1069
1093 3151
1090 3214
2859 2663
4434 104
2950 695
2561 1216
3210 1678
672 329
767 707
1430 3159
3586 1421
1174 232
606 4523
3323 1900
192 587
236 907
1237 207
417 3857
1744 3538
2511 3172
2601 2175
386 401
3700 1
3554 1471
664 869
712 3754
4036 911
554 3987
2118 1527
1075 2761
4732 534
1277 142
2664 3028
4900 720
4284 433
61 16
972 3333
507 157
2770 2803
826 4354
4533 43
1214 27
3015 673
389 1083
3342 1557
404 4014
1042 3259
1286 65
2518 3170
4043 868
3883 1054
1348 3870
3281 1028
4264 771
4272 447
1370 3866
2179 2320
231 4168
689 3787
141 4374
2330 2246
2354 1317
883 566
1255 145
1228 3027
846 3694
3585 1426
1385 2924
1353 4775
4817 435
272 497
4288 392
2376 2176
2750 3845
1324 8
3366 3011
315 478
3600 1716
1185 218
3194 591
2844 1575
3747 1217
2447 1245
561 943
186 4301
2691 3061
3927 1003
3414 1511
3006 688
2459 2004
1479 2812
2933 1970
567 3958
1315 3369
838 3084
3362 2120
1857 2782
2277 2369
556 3703
2509 4115
480 2132
109 4487
3573 1452
552 3729
9 91
808 613
1030 4175
685 5
4405 165
427 296
1358 4704
3390 879
888 535
428 3792
954 137
1454 3144
792 653
1547 2788
1722 4571
745 739
4254 169
1280 28
2978 2388
2816 2599
380 3975
3674 1614
4311 295
3626 2438
242 901
3455 1792
581 3622
1294 3409
4316 285
2432 3465
3360 1540
2333 2949
1990 2403
2297 1397
2343 3559
3132 1186
4290 150
1681 4019
2038 3951
80 4379
2141 2331
686 831
2231 3669
1520 2800
3127 3242
1518 4820
706 789
893 3628
390 4075
543 504
110 1328
1334 4990
1301 4500
4408 143
670 3484
929 530
2797 905
3139 1788
2201 2405
3487 2931
2725 974
398 3950
617 3526
1973 2410
3989 1356
3604 1689
1432 3815
2247 3630
1680 3550
1552 4564
3675 1312
870 574
629 1871
3756 1168
2144 1506
1763 4448
271 4914
2971 1934
756 4419
3424 1983
4475 49
493 3732
1057 536
947 176
998 2865
4095 813
3044 2350
2318 2264
839 3458
3578 696
609 916
862 3636
3631 1276
2130 2492
1862 2138
2244 1489
790 3329
963 468
1254 132
1274 78
848 3082
3054 2313
1650 3595
2363 1269
2466 2905
3766 506
184 4960
1599 3093
4959 710
701 3546
159 4323
1796 3906
1342 3197
4191 1188
3285 1613
355 4048
421 555
1909 1988
871 3439
925 4801
4099 357
3298 509
4547 1544
3156 1139
2256 2374
3598 2476
1316 2629
3389 2613
559 429
4335 2037
889 3406
263 812
2219 3858
714 3419
2353 2268
966 342
3525 95
4699 541
1997 2393
3705 1291
2620 1094
757 3726
4979 1111
3105 616
2159 1495
2341 1354
1023 822
1916 3814
4981 1109
3494 735
4333 239
314 4073
4238 565
349 715
1377 2564
1778 2600
4647 958
533 3643
1132 74
3666 1654
723 1579
2483 3801
258 4283
3543 1584
1674 2352
4296 140
129 4235
2877 2592
2431 4148
4016 2168
2010 2566
198 1281
4830 330
4983 1099
2874 3017
982 323
754 3482
2819 845
3122 1331
4350 1836
298 3748
2781 1812
775 4406
3860 1450
3339 973
3191 3205
2525 3279
1271 111
1801 2565
3579 694
3383 2026
3003 1908
1229 376
2940 2996
3668 601
1230 3963
108 4977
2875 2587
2425 3410
2113 3933
2445 3373
4394 217
287 4123
4157 255
407 2930
1424 2853
1850 2852
372 3331
1595 4764
4667 885
3768 1117
1696 4751
3934 463
3034 2855
3275 1038
244 1240
222 3820
4466 693
2984 2986
3060 2298
1530 4865
173 959
2635 3052
2494 2878
2224 3816
2349 3504
1981 4209
2637 3124
3718 2342
4359 114
884 3058
4213 1924
2086 2501
3580 46
2521 2751
1542 4777
1306 3404
2529 2184
669 854
4331 2047
2794 918
1323 4918
1995 4607
2321 1367
2720 2639
3868 969
3972 933
3021 1371
2040 2547
77 4901
4085 844
2543 3107
2399 2094
3089 2293
2229 3679
2346 4212
501 956
1198 3498
328 4877
557 3650
1116 261
2461 2193
526 139
4181 648
1760 2959
3601 1714
2723 987
4597 1499
2237 3009
2922 1463
4614 981
635 3865
1225 4513
2622 2714
311 3708
1394 2916
3363 2618
655 891
2457 3372
2830 3033
1428 3163
1930 4373
4615 4856
3770 1079
2316 2275
2324 3624
2948 3296
3408 3005
2935 1438
2808 1692
294 4898
3090 3283
387 339
4794 1344
684 4453
2666 1838
1895 2508
359 4002
2667 1059
3403 171
2146 2482
4661 551
3113 2262
402 4858
2562 3164
2524 3166
2449 4126
527 4003
2380 3433
1837 3380
3765 513
2386 4205
4919 4639
4650 2140
2780 1814
4707 1392
4636 1467
3619 2450
1632 2709
1731 2658
1091 93
604 3555
3325 2123
3684 1299
3805 1060
2798 2626
1295 3891
2006 1827
1940 2583
2621 1890
1458 4153
2129 3926
3154 2104
2359 2218
1766 2608
970 3344
4140 1979
3314 3057
1325 4442
3303 1957
2222 4324
308 1143
59 4526
927 3374
2728 967
1665 2384
2036 2378
3904 2531
2512 1218
40 4545
3182 1695
1082 3523
1929 3784
4559 1509
734 4929
2674 3944
718 3514
857 4351
3004 2881
3319 1571
3962 450
1386 4352
3775 2657
3634 1362
3239 564
3387 957
4423 1758
2248 3654
3939 2225
1247 23
820 4372
4289 2150
4192 2281
3577 1410
1455 3797
719 3750
2148 2456
68 4524
2923 1443
2005 4309
4232 2257
2080 3721
1762 4532
2109 4421
3752 1162
4648 585
3176 2077
2741 2079
3837 479
106 3878
406 3892
363 3704
2590 2183
2407 1252
4859 1608
4217 4279
785 3725
516 3646
153 3831
4345 2025
3851 1034
3225 2182
3890 1446
1401 4955
1009 4214
374 611
2364 3437
4399 1105
1749 3001
1383 3821
1088 4627
1583 3112
2408 4020
2249 2997
1781 3479
741 3736
1705 2338
2866 3357
1100 265
1816 2217
2259 2995
2131 3081
4935 3942
3413 2993
1070 3532
1505 3689
2362 2245
780 4382
4046 2360
4207 2273
2392 4177
1524 4135
2897 3441
3566 705
1352 4836
4465 1918
327 4879
675 3822
3327 1005
3336 1887
2927 1442
243 899
2642 3966
3317 1576
4611 1000
2058 2527
3588 683
2200 4089
2575 2747
4824 737
603 3551
3932 1369
802 303
595 119
1771 4685
2468 4116
4173 2301
2972 2391
4787 760
2081 3157
4779 4103
4031 394
3312 1902
495 4724
4511 1048
2901 2473
1819 2867
3117 3250
440 3753
2379 3518
3772 2687
2339 3574
4304 4275
1560 2775
4385 1989
4763 4843
4491 69
3508 731
2066 4183
1881 3324
2815 2049
3273 537
2191 2415
3897 1025
2790 3448
750 3491
103 3894
2724 2636
2660 1869
3070 1905
278 3757
2189 2312
2254 1408
976 3288
1661 2395
2942 1413
2851 3560
3120 1848
470 4745
4035 2121
1053 4158
3861 1447
3067 3304
4758 1366
4774 1657
3075 3183
4392 1815
1688 4645
1457 4169
3908 2484
4826 356
3764 542
321 437
652 17
4114 1267
2842 3377
6 3910
4737 817
4940 1577
1321 2624
736 4896
3030 2470
3394 1533
3195 3168
4512 1823
1987 4198
3153 2133
3160 2708
361 4092
4696 4920
1756 2623
2661 3611
4336 1878
815 4849
4603 4203
3175 2707
385 571
2926 1976
2643 1067
87 4488
3960 942
2801 1735
57 1409
2644 3103
1468 4878
2823 3442
1767 4530
2082 4456
2883 3456
2480 3351
2832 1653
803 624
3727 1290
1153 4613
863 4845
491 4011
4040 373
2538 4053
253 4243
4119 773
4087 4414
2215 4327
519 4633
4204 1171
1501 3751
3393 875
4141 1977
2768 2062
4852 208
913 3621
1551 2777
3016 2869
3898 1404
3799 4971
3468 2576
1399 2868
4580 4224
1202 3492
1876 4416
3143 1782
3445 1921
3553 2826
3162 593
2448 1244
3656 1686
2964 2989
3459 2602
3992 4590
1055 3228
1535 2517
2833 3635
3094 3129
4728 1388
1021 3558
4362 98
2070 3218
2822 2597
3749 1226
4476 1898
413 3692
3856 1453
3435 1818
4834 725
408 4795
1926 3789
3402 805
1922 2711
4120 2007
2976 1910
4551 1523
3644 1335
4599 4894
1610 2469
1473 4628
4884 175
1035 292
2088 4427
4172 241
3781 1503
4510 1667
3050 2323
2559 3697
4712 821
4806 1293
3149 2289
3956 456
2071 3193
3648 2774
2012 4286
1407 4925
2537 1998
1843 3849
1621 3008
1628 2418
4481 4249
4617 1492
1784 4683
3104 3277
64 1349
4529 1785
2000 4593
2340 2309
1532 4812
1764 3533
4625 4844
4668 4753
1338 4439
1775 2607
1573 4556
1964 1874
1679 4497
276 4911
4936 4626
2999 2908
2956 3294
4988 1433
2891 772
4882 1589
4457 1956
4791 4796
3981 2443
3244 1097
3338 3051
3018 651
4872 1195
1145 4618
2703 1829
1064 3539
4958 4612
3158 1708
2302 3583
3587 32
2332 3623
306 3716
2540 3709
4063 4435
4516 1655
4495 29
1828 4446
1439 3811
2936 3395
2556 1923
4147 791
588 4569
4697 1664
2952 1966
910 4822
3368 177
2319 1381
2873 2035
3620 2441
2593 3627
3824 4895
2383 3418
2894 2488
2697 2903
3843 1036
2042 4562
4104 2351
4342 730
3213 2238
733 761
4829 4102
4143 1965
1289 3937
3426 158
4984 4554
4218 2272
2411 3984
346 4136
4377 94
1721 4738
3145 1159
379 4080
4583 4938
3917 2243
1332 3240
3980 4605
4000 4588
1896 3823
4305 1127
1833 3862
5000 3923
4083 2083
2515 3292
2645 3029
2211 2382
2685 3086
894 4832
2474 3358
3596 1398
2689 1022
4411 1975
2625 3969
2744 3041
2918 2409
2041 3276
1620 3045
1937 4369
2522 4069
661 3829
3356 1879
3391 1536
2240 2381
2234 3655
2355 2251
4540 1774
779 4880
2683 2678
1101 3121
288 4906
1212 4548
1974 3307
3929 2465
1806 3462
4676 843
1026 4201
2533 3249
3291 3087
3302 1596
1873 3328
2226 3761
3548 2835
2434 4138
4942 1528
553 4620
2030 2555
4007 903
4792 1639
4015 1270
3141 1176
2063 4543
4155 1958
1002 4785
978 4799
2100 4156
3920 1378
4113 284
4081 849
4976 692
2497 2872
1318 2960
1391 4962
3308 366
4827 1248
914 3388
1414 4821
4831 297
3208 2024
1476 3773
1515 3125
1319 3326
3693 2726
1415 4271
2594 3618
3248 1677
4790 4828
4722 4903
698 4424
2241 2998
1063 4686
2151 4133
2596 2746
784 1462
824 3723
708 3783
1516 4596
3295 2640
1351 4868
4550 4991
3022 3346
2760 2067
3106 3263
4502 1897
3788 2617
1251 4994
415 4786
4630 1769
515 4663
1242 2646
2250 4028
2285 2981
3771 2694
523 4631
1805 3901
1537 4586
1872 4678
3549 1491
3133 2155
3436 795
881 3072
2075 3758
2799 3671
2021 4566
2196 3078
2880 2589
2686 2653
1234 3457
3986 936
2718 3043
1747 4691
2127 4357
1832 4489
2659 2164
3449 1807
1858 2557
517 4005
2861 3537
1978 4338
1416 4267
3080 3301
3854 4847
3253 2003
2280 4299
3913 1380
2695 3472
3361 3014
1175 4568
4130 800
924 203
221 4247
631 3911
2982 2366
1967 4295
2809 2785
3065 2791
2979 3367
1666 3567
2156 3885
4178 2300
3912 1395
2958 3282
582 3564
861 4315
882 4313
4727 4150
4701 836
1183 4066
1250 3451
128 4241
4951 4441
2748 3853
4265 1150
991 4250
3734 1287
4932 3985
3507 1746
3513 2910
2738 3879
878 3411
4051 852
1389 4679
3452 1797
4200 568
3521 1611
1952 4346
1860 2772
4876 1591
614 3943
4322 744
2214 4348
4956 1140
1810 3877
3683 1582
4261 777
2495 3349
1322 3247
2493 3796
514 3649
3473 2968
2163 3681
1256 4973
3097 2764
2090 4383
4127 2348
3896 1418
220 4947
4584 4899
3290 1020
3232 2022
4531 1587
4677 4922
2679 3608
4963 4391
4770 4749
1554 4854
4134 768
1739 3970
3688 1296
2550 1986
4492 615
4105 347
3640 2417
4587 4211
3818 4937
3064 2807
1682 4666
3386 1831
464 993
1553 3625
1156 3517
4106 819
4680 840
369 3699
4086 2078
2568 1126
4237 1882
4632 4788
4471 1724
1565 4122
4161 1262
1740 4713
4658 4970
4390 726
2609 1119
4915 3993
1346 2595
1422 2552
4671 4927
4739 810
3680 2734
1623 4734
4233 188
1707 3994
4585 1040
1298 2974
1441 4886
3581 39
4742 778
2856 3540
919 3605
1043 2813
1567 4560
4277 2194
628 3938
3165 1136
3686 1549
841 282
1702 4748
290 4902
851 3672
827 3701
2358 2946
4292 4278
1955 3759
1629 4690
2717 3887
920 4809
654 4485
2705 3470
1521 4139
2789 3463
1607 4771
2892 1466
1015 3576
3035 2839
4459 1933
4873 189
3238 2009
3991 2190
3047 3190
4535 4993
1427 4646
3483 2520
740 3496
1907 2507
1719 4573
3306 411
1283 4501
3234 1102
3245 558
4008 1340
2845 3565
1239 3002
941 485
1032 4171
3633 2435
2536 3212
3320 234
2283 2344
4538 1566
3056 3341
3572 53
4692 1687
3745 1249
1914 3316
4863 1203
1379 3844
4723 4154
2288 4293
2043 3236
2745 3855
4365 1113
2619 4045
2160 4132
4653 1720
4735 4121
1723 2669
2654 2682
4765 1345
4300 2074
4957 4430
4542 1772
1783 2571
1853 3337
2136 3712
1911 4402
3500 2503
1347 4413
4757 4891
3889 2253
4810 1633
2436 3400
1477 4869
4741 4117
1710 2292
1488 4867
2152 2454
1436 3146
1260 4952
3830 2295
1211 4062
3886 4721
2232 3660
1835 2178
3204 3155
3832 2279
3215 584
2278 2994
3900 4688
1765 3921
4298 2106
2895 703
3173 2098
4022 2126
2578 3687
917 3614
2690 3930
3474 2937
2089 1732
3074 2294
1886 4403
2310 4236
2857 1504
1588 4823
2496 3300
4674 4923
3998 1341
2805 3637
4747 4112
3806 1465
419 4769
3743 1508
1790 2912
3046 2325
3922 4649
4187 2299
2572 3161
2440 3852
3399 3007
3941 979
4875 4706
1904 2087
4464 4266
3658 2365
4840 4038
1913 4660
2308 3562
4905 4025
4966 4575
3453 738
2420 3905
994 4228
4401 1791
4370 728
950 4294
2985 2941
1172 4118
4851 4718
3278 1660
1308 4928
90 3899
3049 1359
3382 2103
4941 1149
3876 4838
395 995
3651 1326
1497 4151
1593 4766
4635 4760
4220 1151
3126 1205
3810 4944
4429 1058
4303 344
4012 1333
1802 4681
4591 1007
2187 4111
4576 4998
2001 2569
2513 4094
1310 4451
2735 2633
1939 2649
4924 1179
3839 4850
3541 1770
2795 3798
4964 1124
1273 4950
1158 4598
811 597
1522 3652
3737 4999
1594 4818
2824 3381
2860 2048
4842 1619
1683 4657
4866 1603
4604 4182
4565 602
3988 2422
4825 4719
1618 3609
4027 2125
4694 837
1236 3948
3874 2276
4170 2314
200 4251
3270 1676
4967 4570
3881 2554
853 3440
2802 866
1396 4669
2356 3493
2372 2920
4946 4455
1870 3827
4789 4736
4746 1376
1180 4563
4376 1992
4659 1703
3079 3167
3430 2990
2337 4227
3401 1826
1330 4889
2064 4256
2953 3385
1718 4641
2579 3667
4815 4783
2634 3612
2119 4387
3026 3211
1953 2412
3903 2252
2122 3128
3506 2479
2076 2368
4009 4474
4280 155
2166 4356
2804 1694
4490 4225
1668 4100
3243 3118
4609 4887
4341 1839
4282 2157
3825 4870
133 4393
4096 4371
2402 2206
2516 2778
2154 3696
1817 4519
3516 2904
1047 4709
2970 3256
1863 4454
3013 3251
2779 3826
3095 637
4074 4422
4090 2018
3522 1780
4428 1737
3071 3186
3695 1534
4804 4784
4897 4654
2710 2153
1178 4070
3742 2699
4360 2019
267 4229
4862 4730
4230 1883
4347 1121
4948 4622
4933 163
1213 4039
1963 4343
2439 2032
4846 4750
1951 4623
3880 4781
3534 2843
3902 945
1562 4848
1434 4913
2173 4131
2656 1062
2862 3364
4907 4698
1259 3432
2530 3741
4498 1673
3909 4652
4146 4328
391 4037
2266 4317
4782 4837
4720 4910
4665 4176
2306 4269
3871 2577
3589 2793
2672 3100
2987 2934
572 4572
3616 2776
4034 4445
4388 4268
4982 1106
2421 3864
3123 2172
3556 1729
1917 4656
4644 4756
2053 4555
2188 4349
3895 4716
