1537500
19
83
92
100
121
134
139
140
142
163
185
192
215
221
222
223
226
228
242
257
272
301
310
366
399
426
442
448
459
476
491
510
531
537
544
580
588
623
647
669
684
691
700
727
733
779
803
812
3340
835
841
846
868
949
950
959
966
1034
1038
1043
1060
1092
1122
1167
1185
1192
1206
1214
1223
1245
1251
1264
1275
1297
1308
1315
1348
1357
1376
1379
1396
1426
1437
1449
1453
1485
1580
1589
1628
1629
1643
1683
1685
1710
1715
1717
1721
1728
1746
1800
1806
1821
1822
1918
1927
1951
1961
1980
1995
2033
2065
2072
2076
2108
2109
2125
2126
2162
2180
2302
2309
2320
2357
2366
2373
2380
2391
2409
2459
2476
2492
2496
2527
2534
3626
2555
2593
2628
2654
2655
2656
2670
2696
2698
2701
3169
2707
2738
2755
2800
2819
2843
2844
2849
2885
2886
2894
2906
2919
2936
2948
3023
3035
3036
3045
3070
3932
3095
3103
3137
3176
3179
3184
3198
3199
3211
3256
3276
3333
3357
3422
3439
3487
3492
3528
3538
3547
3563
3635
3658
3683
3686
3690
3719
3771
3786
3816
3859
3881
3885
3894
3920
3939
4045
4051
4068
4071
4073
4087
4106
4112
4117
4120
4128
4182
4194
4200
4204
4210
4246
4262
4285
4301
4343
4347
4355
4364
4410
4421
4452
4468
4490
4528
4542
4544
4545
4553
4564
4567
4589
4633
4665
4674
4679
4682
4683
4751
4771
4773
4800
4837
4881
4913
4918
4925
4928
4934
4943
4975
4992
5
15
26
32
34
46
47
62
65
90
97
109
112
122
130
138
141
145
149
909
151
154
159
166
181
200
212
214
218
219
220
227
236
244
247
253
263
266
270
273
276
287
288
294
303
314
318
328
333
345
346
351
356
370
377
378
392
398
416
421
435
438
445
447
450
452
456
462
473
474
488
489
495
501
4183
516
560
561
565
568
584
193
620
637
640
643
649
653
660
675
678
679
705
716
721
726
729
731
740
747
749
750
772
775
785
791
795
799
805
821
822
828
838
842
860
870
871
875
882
890
906
907
910
914
924
926
928
929
934
936
939
942
944
952
962
965
969
974
985
988
1003
1010
1011
1013
1022
1033
1046
1047
1057
88
1058
1061
1062
1073
1074
1079
1080
1085
1087
3167
1098
1099
1110
1121
1136
1141
1142
1150
1160
1163
1172
1175
1176
1189
1194
1220
1224
3381
1226
1227
1230
1241
1249
1254
1289
153
1303
1310
1317
1332
1335
1344
1345
1349
1360
1372
1382
1384
2258
1385
1386
1392
1409
1417
1423
1434
1439
1440
1459
1460
1469
1473
1474
1475
1486
1487
1489
1491
1492
1493
1496
1881
1500
1501
274
1505
1507
1542
1544
1549
1551
1552
1554
1555
1561
1567
1578
1579
1590
1593
1603
1609
1610
1617
1619
1639
1647
1659
1668
1673
1674
1678
1680
1684
1689
1690
1705
1714
1720
1725
1741
1744
1745
1748
1750
1759
1780
1788
1795
1799
1801
1803
1807
1815
1825
1828
1852
1861
467
1865
1875
1879
1892
1898
1913
1915
1917
1919
1929
1936
1943
1945
1947
1953
1964
1965
1971
1977
1990
1991
1998
2012
2019
2023
2036
2041
2044
2046
2049
2061
2063
2069
2074
2077
2128
2129
2133
2134
2140
2214
2156
2159
2164
2168
2173
2175
2182
2184
2211
2213
2242
2245
2247
2253
2257
2268
2274
2277
2284
2285
2286
2293
2305
2310
2328
2332
2352
2356
2360
656
2372
2375
2377
2381
2384
2385
2387
2388
2390
2396
2405
2413
2428
2430
2434
2438
2448
2451
2464
682
2465
2466
2469
2473
2478
2490
2497
2508
2514
2519
2524
2529
2547
2549
2565
2575
2588
2591
2602
2625
2636
2648
2653
2676
2680
2683
2692
2695
2702
2705
2722
2725
2730
2743
2748
2751
2761
2765
2774
2782
1097
2785
2790
2796
2821
2825
2827
2834
2836
1089
2837
2841
2867
2872
2875
2911
2912
2918
2949
2957
2958
2984
2991
3000
3004
3007
3009
3013
3019
3022
3024
3030
3031
3037
3044
3057
3062
3065
3074
3078
3084
3090
3092
3106
3111
3116
3123
3127
3133
3135
3139
3147
3156
3166
3180
3193
3200
3201
3208
3210
3227
3232
3234
3243
3246
3261
3272
3280
3304
3308
3320
3326
3358
3359
3362
3367
3386
3388
3390
3391
3395
3396
3403
3415
3459
3462
3473
3474
3475
3486
3491
3495
3496
3510
3517
3521
3527
3529
3540
3545
3546
3553
3557
3568
3578
3591
3595
3601
3615
3623
3627
3631
3647
3649
3651
3662
3663
3667
3674
3681
3685
3703
3708
3715
3720
3740
3742
3744
3745
3746
3749
3751
3763
3765
3770
3782
3784
3789
3801
3805
3808
3827
3858
3864
3880
3882
3884
3896
3900
3906
3908
3930
3941
3947
3948
3951
3956
3962
3964
3969
3980
3984
4001
4009
4027
4035
4037
4039
4040
4041
4049
4060
4066
4075
4080
4083
4086
4094
4098
4105
4133
4725
4137
4140
4148
4152
4157
4163
4164
4178
4185
4196
4197
4205
4220
4224
4238
4241
4244
4256
4258
4276
4277
4282
4283
4764
4296
4299
4310
4311
4314
4317
4540
4323
4330
4333
4335
4336
4346
4351
4356
4357
4359
4366
4369
4374
4377
4378
4393
4398
4403
1207
4407
4420
4428
4435
4436
4437
4449
4450
4457
4458
4469
4470
4472
4502
4510
4523
4532
4533
4549
4551
4554
4561
4562
4566
4570
4581
4585
4587
4594
4598
4609
4611
4612
4620
4624
4626
4650
4651
4660
4667
4701
4704
4708
4722
4724
4735
4737
4740
4741
4749
4757
4765
4768
4770
4783
4791
4796
4804
4811
4822
2561
4827
4849
4850
4859
4862
4887
4889
4891
4900
4901
4903
4904
4907
4920
4924
4929
4930
4935
4947
4949
4953
4965
4984
4989
4996
3
6
11
14
20
28
36
39
40
51
54
63
2230
66
70
73
75
79
84
85
86
93
114
117
129
131
133
136
137
146
147
150
156
160
161
167
168
171
178
179
183
186
187
188
190
195
198
202
204
209
224
229
230
235
238
239
240
243
245
249
252
261
268
269
271
279
292
300
302
305
307
308
312
316
317
324
326
331
334
336
339
340
344
353
358
361
362
371
381
385
388
390
395
404
405
407
409
420
427
449
471
475
479
481
483
487
496
507
508
509
511
517
520
523
524
525
533
536
543
545
546
547
553
555
556
562
569
571
572
575
578
579
697
590
591
593
596
597
601
607
608
609
611
616
629
633
634
636
639
642
645
651
659
677
688
3064
689
693
694
698
712
713
715
718
735
736
738
743
748
758
759
760
762
763
765
767
773
3380
776
780
3549
783
784
788
792
793
798
806
808
810
813
814
815
817
820
827
837
839
840
848
853
854
859
866
880
886
891
892
908
912
916
920
927
930
933
938
946
947
953
955
961
967
972
2768
982
983
989
990
991
998
999
1007
1012
1014
1025
1026
1027
1028
1029
1031
1032
1040
1044
1050
1055
1059
1063
1064
1066
1068
1071
1072
1076
1083
1084
1091
1096
1106
1107
1109
1118
1120
1123
1128
1129
1134
1135
1138
2859
1139
2181
1144
1153
1161
1164
1168
1174
1180
1181
1184
1187
1197
1200
1201
1213
1217
1219
1225
1233
1235
1239
1243
1247
1250
1252
1261
1265
1270
1271
2185
1273
1278
1280
1281
1283
1284
1291
1293
1304
1312
1325
1326
1330
1337
1340
1341
1342
1343
1362
1366
1367
1369
1375
1378
1381
1388
1390
2193
1393
1395
1613
1400
1403
1405
1408
1412
1415
1418
1419
1420
1421
1427
1429
1432
1435
1438
1444
1450
1452
1471
1472
1482
1488
1495
1497
1499
1502
1506
1508
1509
1513
1515
1516
1517
1521
1526
1527
1531
1534
1536
1538
1553
1558
1559
1560
1562
1563
1569
1571
1574
1583
1586
1604
1605
1612
1616
1620
1622
1623
1630
1631
1632
1641
1648
1649
1651
1656
1661
1667
1675
1676
1679
1681
1687
1699
1700
1701
1706
1711
1712
1718
1724
1729
1733
1738
1747
1752
1755
1756
1757
1760
1764
1765
1768
1772
1773
1778
1785
1787
1792
1794
1796
1817
1818
1820
1823
1829
1831
1833
1837
1838
1840
1844
1845
1846
1847
1850
1853
1862
1863
1868
1869
1871
1878
1886
1888
2881
1889
4034
1890
1891
1895
1900
1906
1914
1916
1922
1931
1954
1969
2573
1994
1999
2022
2024
2026
2029
2035
2039
2043
2045
2056
2067
2082
2087
2089
2095
2098
2099
2114
2117
2124
2139
2153
2155
2160
2161
2170
2171
2178
2183
2187
2188
2191
2192
2205
2206
2209
2225
2227
2233
2236
2237
2238
2240
2241
2243
2249
2252
2254
2263
2264
2272
2282
2287
2289
2296
2297
2303
2317
2318
2321
2324
2331
2336
2338
2341
2345
2347
2348
2350
2351
2353
2355
2358
2362
2363
2365
2371
2376
2379
2395
2398
2399
2401
2406
2420
2425
2429
2433
2435
2443
2453
2457
2461
2463
2474
2477
2479
2482
2483
2486
2487
2488
2493
2498
2502
2897
2515
2517
2520
2521
2522
2523
2532
3653
2533
2536
2538
2548
2552
2556
2559
2562
2564
2568
2576
2578
2590
2594
2597
2612
2613
2615
2622
2624
2632
2647
2651
3499
2659
2662
2664
2666
2671
50
2675
2677
2678
2681
2686
2690
2700
2708
2711
2717
2719
2726
2728
2734
2740
2742
2744
2752
2764
2766
2767
2770
2771
2773
2781
2783
2787
2792
2793
2794
2795
2802
2804
2809
2811
2824
2826
2832
2845
2853
2856
2857
2861
2863
2887
2888
2891
2892
2893
2902
2904
2907
2920
2934
2935
2947
490
2950
2951
2955
2960
2963
2977
2982
2985
2986
2994
2996
2998
2999
3011
3018
3025
3034
3038
3043
3053
3054
3058
3060
3061
3066
3067
3068
3071
3079
3080
3087
3096
3097
3104
3112
3113
3119
3121
3130
3131
3134
3141
3142
3144
3150
3632
3154
3168
3170
3183
3190
3191
3192
3202
3203
3204
3212
3218
3223
3224
3226
3235
3236
3237
4584
3240
3241
3244
3247
3250
3251
3254
3260
3263
3275
3277
3278
3281
3283
3287
3288
3290
3293
3302
3303
3310
3313
3321
3323
3324
3325
3342
3351
3352
3372
3373
3383
3384
3387
3404
3409
3429
3435
3436
3442
3443
3444
3449
3450
3451
3454
3457
3463
3466
3470
3471
3477
3480
3485
3490
3505
3509
3514
3518
3523
3534
3535
3551
3552
3558
3562
3569
3571
3572
3573
3575
3579
3580
3581
3582
3587
3588
3589
3593
3597
3599
3607
3609
3610
3611
3620
3625
3636
3644
4652
3645
3655
3656
3660
3668
3669
3673
3677
3678
3679
3682
3684
3694
3695
3702
3706
3712
1196
3717
3721
1257
3724
3732
3736
3739
3747
3752
3753
3756
3757
3759
3764
3775
3776
3778
3779
3781
3785
3787
3793
3795
3796
3799
3803
3804
3807
3809
3810
3811
3814
3820
3825
3826
3833
3837
3844
3850
3854
3860
3863
3866
3873
3874
3876
3877
3878
3883
3904
3905
3911
3917
3998
3919
3922
3923
3931
3936
3940
3945
49
3946
3952
3955
3958
3961
3963
3972
3978
3981
3988
3999
4002
4005
4015
4019
4020
4021
941
4023
4029
4030
4031
4046
4047
4050
4052
4055
4056
4059
4063
4067
4074
4078
4079
4082
4090
4095
4101
4102
4104
4109
4114
4122
4123
4124
373
4125
4129
4136
4138
4141
45
4146
4155
4166
4177
4180
4184
4190
4191
4195
4203
4213
4217
4223
4226
4229
4230
4231
4236
4249
4254
4257
4260
4261
4263
4287
4288
4293
4294
4295
4300
4302
4305
4308
4309
4313
4316
4326
4328
4334
4337
4339
4342
4348
4352
4354
4361
4371
4373
4375
4382
4383
4386
4388
4395
4405
4408
4417
4418
4422
4423
57
4424
4425
4431
1399
4434
4442
4443
4444
4445
4448
4453
4461
4473
4483
4484
4485
4486
4513
4515
4519
4529
4530
4535
4538
4548
4557
4558
4563
4565
4574
4577
4582
2571
4593
4595
4604
4605
948
4606
4613
4616
4619
4635
4637
4645
4649
4655
1190
4658
4663
4668
4672
4676
4686
4687
4688
4691
4694
4697
4700
4702
4706
4711
4713
4714
4716
4718
4728
4729
4734
4736
2382
4738
4745
4748
4753
4756
4767
4774
4775
4777
4778
4782
4784
4787
4794
4795
4801
4810
4814
4816
4818
4821
4823
4824
4826
4831
4832
4835
4838
4839
4841
4842
4843
482
4845
4846
4851
4854
4855
4864
4869
1240
4880
4905
4906
4910
4911
4932
4937
4942
2261
4950
4951
4956
4958
4961
4966
4971
4973
4974
1568
4976
4977
4994
4995
4999
5000
1
4
7
9
10
12
16
22
24
30
35
37
41
42
43
48
59
61
67
69
71
74
77
78
80
91
96
99
101
103
106
2222
107
108
115
2196
118
380
148
152
157
164
170
173
176
180
960
184
199
201
206
208
210
225
231
241
248
250
254
256
260
264
267
275
278
280
281
284
290
291
293
304
306
309
315
320
327
337
341
342
347
519
348
349
355
359
363
367
372
386
387
393
396
397
406
413
418
424
428
429
431
434
437
444
457
464
465
466
470
472
492
493
498
499
500
503
514
522
526
528
529
530
532
535
538
540
541
542
554
558
559
566
567
583
586
587
592
595
600
605
873
606
612
615
622
626
3472
627
628
650
652
657
658
661
662
665
666
667
676
680
681
685
690
701
702
703
704
706
708
710
711
723
728
730
737
739
742
2682
744
746
754
757
764
771
781
782
786
790
794
800
801
816
819
825
832
833
843
847
849
850
1543
861
862
864
867
1154
869
872
876
877
878
879
888
889
896
897
899
900
1904
902
915
921
940
956
957
968
971
975
976
984
995
996
997
1002
1009
1018
1019
1021
1024
1041
1045
1049
1054
1086
1088
1093
2189
1094
1095
1100
1103
1104
1108
1111
1112
1113
1114
1127
1131
1140
2784
1143
1147
1151
1152
1156
1159
1165
1173
1178
1182
1193
1333
1208
1210
1211
1212
1218
1222
1228
1229
1232
1234
1242
1256
1259
1262
1269
1272
1285
1290
1294
1296
1301
1302
1305
1311
1321
1323
1324
1327
1334
1336
1346
1352
1353
1358
1363
1365
1368
1371
1389
1391
1397
1401
1404
1425
1430
1433
1441
1443
1446
1454
1458
1462
1463
1466
1468
1470
1476
1477
1478
1479
1480
1494
1498
1503
1504
1512
1520
1522
1523
1525
1540
1541
1545
2084
1550
1564
1565
1572
1575
1584
1588
1592
1596
1598
1602
1608
1611
1618
1625
1633
1637
1638
1640
1642
1645
1646
1650
4733
1652
1653
1654
1658
1662
1663
1666
1695
1669
1686
1691
1697
1703
1707
1709
1716
1719
1726
1730
1731
1735
1737
1739
1740
1742
1753
1754
1758
1762
1766
1769
1770
1771
1782
1793
1797
1804
3743
1810
1812
1814
1819
1832
1834
1836
1842
1854
1855
1856
1857
1860
1872
1877
1880
1885
1893
1894
1897
1902
4914
1903
1905
1907
1911
1912
1926
1930
1933
1937
1938
1940
1942
1948
1950
1955
1957
1958
1962
1966
1967
1970
3851
1978
1981
1997
2001
2002
2003
2004
2007
2008
2010
2011
2013
2018
2020
2025
2027
2031
2037
2047
2048
2050
2051
2052
2055
2058
2068
2070
2075
2081
2086
2090
2093
2094
2105
2110
2111
2921
2113
2118
2119
2122
2123
2127
2130
2814
2136
2143
2165
2166
2172
2176
2179
2190
2203
2207
2208
2210
2216
2220
2223
2224
2228
2229
2231
2235
2251
2256
2260
2262
2265
2267
2279
2283
2290
2294
2299
2304
2308
2312
2313
2314
2316
2323
2325
3576
2327
2330
2335
2339
2340
3598
2343
2354
2359
2364
2370
2378
2383
2389
2392
2402
2403
604
2415
2421
2422
110
2424
2431
668
2440
2449
2452
2456
2458
2471
2472
2475
2484
2489
2491
2499
2501
2503
2504
2506
2507
2509
2510
2518
2525
2539
2541
2542
2543
2544
2545
2557
2566
2572
2579
2581
2584
2587
2595
2601
2603
2606
2609
2610
2614
2623
2629
2630
2633
2637
2638
2640
2641
2642
2643
2644
2645
2646
2650
2652
2667
2668
2673
2674
2685
2703
2704
2706
2712
2713
2714
2715
2727
2732
2735
2736
2737
2745
2753
2756
2758
2759
2760
2772
2798
3592
2803
2806
2807
2816
2833
2835
2838
2839
2847
2860
2862
2864
2865
2866
2871
2879
2882
2883
2884
2890
2900
2903
2910
2914
2925
2927
2928
2929
2939
2940
2943
2966
2967
2969
2973
2976
2978
2980
2987
2990
3005
3006
3010
3012
3014
3015
3020
3041
3048
3052
4321
3055
3056
3063
3073
563
3077
3089
3094
3099
3101
1361
3107
3110
3120
3128
3143
3146
3151
3155
3157
3162
3175
3177
3181
3186
3188
3197
3205
3209
3217
3221
3229
3230
3231
3248
3253
3257
3258
3259
564
3271
3274
3282
3291
3295
3297
3298
3299
3301
3305
3306
3309
3312
3316
3322
3327
3330
3332
3334
3336
3337
3339
3341
3343
3347
3349
3350
3353
3355
3363
3364
3365
3369
1119
3370
3371
3382
3393
3394
3398
3399
3401
3402
3412
3413
3421
3424
3425
3427
3433
3438
3440
3445
3446
3453
3456
3458
3460
3461
3464
3469
3479
3483
3497
3498
3502
3507
3508
3511
3512
3515
3522
1319
3531
3532
3533
4441
3542
3543
3548
3550
3555
3556
3560
3561
3564
3567
3570
3577
3583
3586
3600
3602
3605
3616
3617
3689
3618
3624
3637
3639
3641
3642
3646
3657
3659
3666
3696
3697
3701
3704
3849
3710
3716
3718
3723
3726
3728
3730
3731
3734
3735
3750
3755
3761
3762
3790
2157
3802
3819
3822
3824
3829
3831
3832
3838
3839
3840
3841
3842
1644
3845
3846
3848
3855
3857
3867
3870
3875
3890
3893
3899
3902
3913
3921
3924
3925
3926
3929
3933
4730
3938
3942
3944
3949
3959
3967
3974
3977
3979
3983
3985
3987
3989
3991
3996
3997
1338
4004
4008
4011
4012
4016
4017
4038
4044
4057
4062
4064
4076
4085
4089
4092
4107
4108
4113
4116
4118
4132
4134
4135
4145
4147
297
4266
2869
4151
4156
4161
4165
4168
4170
4174
4175
4176
4179
4188
4192
4193
1183
4199
4207
4208
4214
4218
4232
4234
4235
4237
4245
4247
4248
4250
4251
4259
4264
4780
4267
4268
4269
4272
4275
4279
4284
4291
4304
4312
4318
4324
4327
4329
4332
4338
4349
4350
4363
4365
4376
4385
4390
4399
3194
4400
3109
4401
4415
4429
4433
4438
4440
4446
4455
4459
4465
4474
4475
4476
4477
4478
4479
4482
4488
4491
4493
4494
4495
4497
4499
4500
4506
4509
4512
4517
4518
4520
4521
4522
4524
4526
4527
4536
4537
4550
4555
4568
4575
4586
4597
4599
4601
4603
4608
4610
4628
4631
4636
4646
4647
4659
4662
1380
4669
4670
4684
4685
4689
4693
4698
4705
4712
4717
4721
2447
4739
4744
4746
4752
4754
4755
4760
4763
4766
4772
4776
4785
4788
4805
4809
4813
4815
4817
4829
4847
4848
4852
4853
4952
4858
4861
4865
4867
4868
4871
4872
4876
1351
4878
4883
4886
4893
4895
4896
4899
4902
4908
4916
4923
4927
4936
4941
4946
4948
4955
4957
4960
4962
4964
4968
4972
4980
4982
4985
4988
4990
4991
4993
2
13
17
27
29
31
33
38
44
52
53
58
60
82
89
95
98
104
116
126
128
135
2000
143
165
189
191
203
205
213
216
232
233
237
251
255
262
1354
265
277
282
289
296
311
319
1594
321
329
330
3255
332
338
350
352
357
360
375
383
391
408
411
422
425
430
433
439
440
443
446
451
455
460
461
463
469
477
478
486
494
497
502
610
505
513
534
539
548
549
550
551
552
557
573
577
581
594
598
599
617
618
3614
619
621
630
2404
641
646
4315
648
654
663
670
671
673
686
980
692
707
2721
717
720
722
725
732
734
741
752
761
766
777
778
804
807
809
818
826
836
855
858
863
865
884
885
1090
894
903
905
922
925
931
937
945
951
3886
954
958
964
970
973
978
979
981
986
987
992
994
1005
1008
1020
1030
1036
1037
1039
1051
1053
1056
1067
1069
1231
1082
1124
1125
1130
1132
3407
1133
1148
1149
1155
1157
1158
1169
3714
1171
1177
1186
1191
1199
1205
1209
1221
1236
1237
1238
1244
1246
1255
1258
1267
1268
1274
1276
1277
4866
1282
1287
1288
1298
1300
1306
1307
1309
1320
1322
1329
3002
1347
1364
1373
1377
1387
1406
1410
1411
1413
1416
1422
1424
1428
1431
1436
1445
1447
1448
1457
1461
1465
1481
1483
1484
1490
2291
1510
1518
1519
1528
1529
1530
1532
1535
1537
1539
1547
1566
1576
1581
1585
1599
1601
1615
1626
2292
1664
1671
1693
1694
1702
1052
1704
1722
1723
1727
1774
1775
1779
1781
1783
1786
1791
1805
1808
3608
1809
1811
1813
1816
1826
1830
1835
2577
1848
1851
1858
1859
1864
1866
1867
1873
1876
1882
1883
1887
1896
1899
1901
1910
1932
1941
1946
1949
1952
1956
1960
1963
1973
1975
1976
1982
1984
1985
1986
1987
4384
197
1988
1989
1992
1993
2005
2006
2014
2015
874
2016
2021
2028
2032
2038
2053
2054
2059
2066
2071
2078
2079
2250
2080
2083
2092
2096
2097
2104
2106
2107
2115
2121
2131
2135
2142
2145
2146
2147
2148
2149
2167
2169
2174
2177
2194
2195
2198
2201
2202
2215
2217
2218
2219
2221
2226
2232
2234
3375
2248
2255
2270
2276
2280
2298
4591
2301
2315
2329
2334
2342
2346
2393
2394
2400
2407
2412
2414
2417
2418
2423
2426
2436
2439
2441
2442
2445
2450
2454
2455
2505
2512
2530
2531
2535
2009
2540
3504
2551
2553
2554
2558
2560
2569
2570
2582
2583
2585
2598
2600
2604
2605
2608
2618
4511
2619
2620
2621
2634
2657
2672
2679
2687
2697
2716
2723
2724
2731
2739
2741
2746
2754
2757
2762
2775
2776
2778
2616
2779
2786
2788
2789
2791
2812
2817
3741
2823
2829
2830
2840
2842
2846
2848
2851
2858
2868
2870
2877
2880
2898
2899
2909
2917
2926
2930
2931
2932
2937
2944
1874
2945
2953
2956
2961
2962
2970
2971
2974
2979
4033
2988
2992
113
2993
3001
3016
3017
3021
3028
1145
3029
3032
3039
3040
3042
3047
3049
3059
3072
3075
3076
3081
3082
3086
3088
3108
3115
3117
3118
3122
3125
3132
3140
3153
3158
3160
3163
3164
3165
3172
4216
3182
3187
3189
3213
935
3220
3228
3233
3238
3239
3245
3249
3414
3262
4018
3264
3265
3267
3285
2941
3286
3300
3307
3314
3315
3317
3331
3335
3346
3356
3360
3368
3378
4541
3379
3385
3389
4303
3405
3406
3410
4280
3411
3416
3426
2589
3428
3432
3447
3452
3481
3484
3488
3500
2319
3501
3503
4743
3513
3519
3524
3539
3544
3554
3565
3574
3603
3612
3621
4255
3622
3633
3640
3648
919
3650
3652
3654
3665
3670
3671
3083
3672
3675
3688
3691
3692
3693
3698
3699
3705
3709
3722
3737
3738
3758
3760
3766
3769
3772
3773
3777
3783
3792
3794
3797
3798
3806
3813
3815
3817
3818
3828
3835
3836
3847
3865
3868
3869
3889
3891
3895
3897
3898
3903
3907
3937
3912
3914
3916
3918
3928
3935
3943
3960
3966
3968
4242
3973
3982
3986
3990
3992
3993
3994
3995
4013
4024
4026
4043
4053
4054
4061
4065
4072
4084
1407
4088
4096
4103
4115
4119
4126
4139
4143
4144
4153
4158
4159
4160
4162
4167
4171
4172
4186
4187
4201
4202
4206
4209
4221
4222
4228
4239
4243
4252
4270
4274
4286
4289
4292
4306
4307
4320
4322
4331
4341
4344
4345
4353
4358
4360
4362
4368
2749
4379
4381
4389
4391
4394
4404
4409
4413
4414
4416
4419
4426
4432
4454
4456
119
4462
4463
4464
4466
4799
4467
4481
4496
830
4498
4501
4505
4516
4525
4531
4534
4546
4560
4569
4571
4572
4573
4578
4588
3506
2410
4590
4596
4600
4602
4617
4621
4623
4629
4639
4640
4641
4642
4654
4656
4657
4666
4671
4673
4677
4678
3525
4681
4695
4699
4703
4707
4723
4750
4758
4779
4781
1909
4786
4789
4792
4797
4798
4802
4806
4807
4820
4825
4828
4830
4834
4844
4874
4877
4879
4882
4885
4890
4894
4915
2854
4926
4938
4939
4944
4945
4954
4963
4970
4978
4981
3051
323
4986
4987
8
55
56
64
72
81
2763
87
94
120
124
125
127
144
162
169
175
182
196
217
234
258
259
285
298
313
322
343
354
369
374
376
382
4579
384
394
400
401
402
403
410
412
417
419
1548
423
432
436
4392
453
480
484
504
506
512
518
521
527
570
2480
574
576
582
585
589
613
614
625
631
632
644
672
674
683
687
695
696
719
724
745
753
755
756
787
789
796
802
811
823
824
829
831
845
856
883
887
893
898
901
932
963
1001
1006
1798
1017
1023
1042
1065
441
1077
1078
1081
1102
1117
1166
1170
1188
1195
1202
1203
1204
1216
1248
1253
1260
1263
2617
1266
1286
1292
1295
1313
1316
1318
1331
1339
1350
1356
1359
602
1370
1394
1398
1414
1442
1455
1464
1467
1533
1546
1570
1577
1582
1595
1597
1600
1606
1607
1614
1627
3975
1636
3126
1657
1660
1670
2550
1672
1688
1698
1732
1734
2546
1736
1749
1761
1763
1767
1776
1777
1784
1789
1790
1802
1824
1827
1839
1841
1843
1849
1870
3767
1884
1921
1923
1925
1928
1934
1939
1944
1959
1968
2878
1996
2017
2040
2057
2060
2064
2085
2088
2091
2100
2102
2112
2116
2120
2132
2138
2141
2144
2150
2154
2158
2163
2197
2239
2244
2259
2266
2288
2295
2306
2311
2337
2344
2361
2367
2368
2397
2411
2416
2432
2626
2437
2444
2460
2467
2468
2470
2481
2516
2528
2563
2574
2586
2592
2596
2599
2607
2611
2627
2631
2635
2658
2660
2688
2689
2718
2747
2750
2769
2777
2799
2805
2813
2822
2852
2874
2895
2896
2905
2913
2916
2922
2923
2924
2959
2965
2972
2981
3046
3050
3069
3085
3091
3093
3098
3105
3136
3138
3145
3148
3149
3152
3161
3171
3173
3185
3195
3206
105
3215
3216
3219
3266
3268
1556
4857
3269
4732
3270
3289
3292
3294
3296
3311
3338
3348
3354
3366
3374
3376
3377
3392
3400
3408
3420
3431
3441
3455
3465
3629
3478
3526
4367
3530
3536
3537
3566
3590
3606
3613
3628
3638
3643
3664
3707
3713
4731
3725
3727
3733
3748
3754
3780
3821
3830
3843
3852
3856
3861
3862
3887
3892
3901
3909
3910
3957
3970
3971
4003
4006
4007
4025
4032
4036
4042
4081
4091
4093
4099
2446
4110
4127
4130
4131
4142
4150
4154
4181
4933
4189
4211
4212
4219
4225
4233
4265
603
4273
4281
4297
4372
4397
4411
4430
4439
4451
4460
4471
4489
4492
4504
4508
4514
4539
4547
4559
4664
4576
4580
4583
4592
4607
4618
4630
4632
4634
4638
4643
4644
4648
4661
4675
4680
4692
4709
4710
4715
4719
4720
4727
4742
4747
4759
4762
4769
4790
4793
4808
4812
4819
4833
4836
4856
4860
4870
4873
4888
4897
4917
4921
4931
4959
4967
4969
4979
18
3976
21
25
68
1587
76
123
132
155
2938
158
172
207
211
283
295
335
365
368
379
389
414
415
1935
454
993
1972
468
624
655
3950
664
699
714
751
3559
2801
768
769
834
844
851
852
857
2780
881
895
904
911
977
1000
1004
2889
1524
1016
1048
1070
3594
1115
1137
1146
1179
1215
1279
1299
1314
1374
1383
1402
1511
1514
1591
1621
1624
1634
1655
1665
1682
1708
1713
1743
1751
1908
1924
1974
1983
2034
2042
2101
2151
2152
2199
2204
2212
2246
2269
2273
2275
2278
2281
2300
2349
2369
2374
2386
2408
2462
2485
2494
2500
2511
2526
2537
2649
3102
2661
2665
2669
2684
2691
2693
2699
2710
2720
2729
2733
2808
2810
2815
2818
2820
2831
2850
2855
2933
2942
2946
2952
2954
2968
2975
2983
2989
2995
2997
3003
3008
3026
4022
3100
3114
3159
3174
3178
3196
3207
3222
3225
3242
3252
3273
3279
3318
3328
3344
3345
3361
3329
3397
3417
3418
3419
3791
3423
3434
3437
3467
3493
3516
3520
3541
3596
3630
2709
3634
3676
3687
3700
3711
3729
3788
3800
3823
3871
3879
3888
3954
3965
4000
4010
4014
4028
4048
4058
4069
4070
4097
4100
4111
4149
4173
4198
4215
4227
4240
4253
4278
4290
4298
4370
4387
4402
4406
4412
4503
4543
4552
4622
4653
4690
4696
4726
4840
4863
4884
4919
4940
4997
4998
111
194
286
325
515
770
774
918
923
943
1015
1075
1105
1116
1126
1162
1198
1328
1355
1451
1557
1635
1677
1692
1696
1920
1979
2030
2103
2186
2271
2307
2322
2333
2419
2513
2567
2580
2639
2663
2797
2873
2901
2908
2964
3033
3129
3284
3448
3468
3476
3482
3489
3494
3584
3604
3619
3680
3768
3812
3853
3927
3934
3953
4077
4169
4271
4319
4325
4340
4380
4396
4427
4480
4487
4507
4556
4614
4615
4625
4761
4803
4909
4983
23
102
174
299
364
458
635
638
709
797
913
917
1035
1101
2062
2073
2137
2200
2326
2427
2495
2694
2828
2876
3027
177
3124
3214
3319
3430
3585
3661
3774
3834
3872
3915
4447
4627
4892
4912
1456
1573
2915
4875
4898
246
485
4922
4121
