5287500
24
43
52
119
142
164
200
205
232
248
268
289
310
318
324
327
350
356
364
369
380
402
457
466
474
478
492
500
518
528
531
533
546
564
574
583
590
647
686
1670
689
697
745
747
759
762
1211
770
780
795
797
806
6631
813
825
870
888
912
928
960
5285
981
984
1020
1032
1100
1137
1141
1165
1169
1184
1232
1255
1274
1277
1283
1286
1288
1047
1292
1328
1343
1361
1362
1364
1375
1395
1419
1433
1435
1451
1461
1536
1548
1555
1576
1592
1603
1613
1651
1659
1661
1738
1748
1759
1767
1768
1823
1885
1888
1921
1948
1950
1951
1997
2027
2035
2057
2062
2065
2098
2114
2115
2137
2169
2173
2175
2179
2200
2212
2219
2246
2260
2262
2330
2377
2429
2444
2471
2513
2533
2540
2547
2553
2588
2606
2635
2637
2639
2651
2667
2678
2684
2692
2702
2704
2720
2721
2746
2753
2759
2780
2804
2809
2810
2832
2845
2919
2963
2964
2972
2979
3004
3014
3020
3026
3050
3055
3057
3067
3068
3070
3089
3093
3101
3133
3152
3156
3160
3181
3187
3201
3210
3213
3241
3284
3287
3297
3304
3435
3436
3447
3456
3458
3460
3513
3515
3526
3548
3558
3587
3592
3602
3608
3619
3627
3628
3650
3651
3659
3704
3718
3733
3734
3746
3754
3764
3792
3794
3803
3846
3857
4038
4046
4052
4054
4068
4100
4165
4181
4209
4218
4222
4251
4266
4304
4357
4365
4374
4377
4385
4436
4443
4511
4541
4596
4603
4638
4644
4651
4653
4678
4707
4732
4744
4756
4784
4830
4873
4880
4900
4901
4910
4912
4990
5009
5011
5060
5063
5092
5119
5131
5178
5197
5212
5221
5256
5276
5298
5317
5337
5340
5342
5343
5370
5376
5389
5394
5412
5413
5461
5473
5491
5511
5517
5528
5543
5580
5687
5694
5705
5764
5814
5818
5849
5884
5944
5947
5958
5973
5979
6002
6016
6050
6116
6139
6154
6164
6207
6213
6306
6395
6398
6439
6462
6464
6497
6504
6527
6577
6594
6618
6645
6696
6722
6764
6776
6805
6867
6917
6924
6958
6959
6960
6966
6989
6998
7005
7026
7058
7072
7073
7082
7099
7105
7114
7131
7137
893
7143
7145
7175
7178
7245
7268
7345
7390
7394
7414
7435
7452
7470
7480
7488
7493
7507
7520
7526
7536
7546
7550
7552
7597
7632
7637
7642
7647
7651
7667
7687
7690
7704
7714
7720
7724
7725
7728
7733
7736
7770
7783
7790
7820
7840
7860
7898
7911
7966
7990
8014
8043
8047
8107
8172
2612
8194
8196
8212
8227
8230
8234
8240
8245
8327
8361
8395
8403
8424
8456
8483
8485
8509
8518
8551
8571
8574
8604
8610
8613
8616
8660
8665
8681
8722
8736
8771
8779
8833
8867
8874
8878
8888
8891
8955
8968
9019
9029
9059
9067
9111
9120
9148
9158
9161
9175
9190
9194
9210
9243
9244
9260
9261
9272
9289
9319
9324
9348
9366
9367
9372
9387
9431
9462
9470
9526
9535
9544
9559
9560
9564
9571
9578
9627
9652
9664
9666
9726
9735
9764
9770
9801
9837
9899
9936
9966
9982
11
875
12
18
26
28
33
72
76
82
90
99
111
117
122
134
136
156
175
188
191
196
206
210
213
215
223
241
249
257
270
272
277
287
294
297
299
301
306
312
315
316
328
334
336
337
338
357
361
363
377
384
395
401
405
406
407
417
427
448
456
459
498
505
521
537
552
558
566
571
572
578
586
588
600
622
629
633
642
679
682
696
705
706
707
709
712
730
734
744
755
757
758
760
761
772
778
784
792
802
812
814
859
864
865
868
869
882
883
894
904
906
931
932
939
943
953
964
967
977
979
986
995
1001
1003
1006
1011
1014
1015
1018
1027
1038
1042
1055
1056
1058
1064
1072
1094
1103
1104
1106
1113
1142
1148
1178
1181
1182
1186
1197
1203
1205
1229
1231
1236
1241
1242
1248
1256
1266
1272
1276
1279
1304
1312
1313
1315
1326
1330
1331
1340
1349
1365
1378
1385
1390
1409
1426
1429
1432
1436
1438
1444
1445
1449
1456
1477
1482
1485
1503
1504
1505
1520
1550
1567
1574
1581
1583
1589
1594
1595
1600
1604
1619
1622
1629
1630
1640
1642
1645
1649
1664
1672
1678
1681
1683
1688
1690
1691
1695
1700
1704
1711
1713
1725
1737
1749
1750
1752
1756
1761
1766
1781
1783
1786
1788
1789
1791
1805
1822
1829
1832
1834
1837
1845
1848
1849
1863
1867
1869
1871
1879
1880
1898
1899
1903
1909
1910
1912
1922
1923
5925
1928
1935
1938
1944
1953
1968
2555
1986
2001
2013
2031
2034
2036
2042
2047
2053
2064
2068
2076
2079
2083
2089
2095
2100
2102
2104
2111
2124
2126
2127
2140
3327
2144
2148
2166
2170
2194
2198
2203
2209
2211
2217
2224
2225
2227
2228
2231
2238
2239
2251
2253
2254
2255
2256
2259
2267
2278
2292
2299
2313
2314
2317
2318
2333
2336
2342
2347
2349
2355
2358
2359
2382
2392
2408
2423
2432
2446
2449
2466
2467
2483
2486
2494
2496
2511
2517
2518
2525
2534
2536
2537
2549
2561
2564
2568
2572
2574
2580
2585
2589
2591
2595
2611
2619
2620
4146
2633
2645
2648
2658
2659
2662
2664
2668
2671
2672
2677
2680
2689
4239
2703
2705
2707
2715
2723
2725
2745
2762
2765
2770
2775
2792
2806
2813
2830
2834
2835
2855
2856
2857
2859
2860
2864
2875
2881
2887
2889
2905
2907
2913
2915
2916
2918
2939
2941
2947
2982
2984
2986
2989
2996
2998
3002
3006
3007
3011
3012
3019
3033
3041
3045
3047
3049
3051
3053
3069
3071
3077
3078
3108
3109
3110
3114
3126
3130
3137
3138
3143
3147
3155
3157
3159
3164
3182
3196
3202
3208
3212
3214
3219
3220
3232
3242
3243
3248
3253
3254
3256
3260
3267
3275
3292
3303
3306
3307
3313
3314
3321
3323
3338
3357
3368
3373
3379
3408
3417
3427
3438
3474
3477
3480
3564
3485
3496
3507
3512
3547
3551
3571
3579
3594
3596
3600
3601
3610
3615
3617
3625
3626
3634
3646
3656
3662
3668
3669
3678
3681
3682
3684
3698
3713
3720
3721
3738
3744
3758
3759
3773
3783
3784
3804
3806
3808
3819
3815
3816
3817
3818
3820
3843
3852
3853
3861
3864
3865
3875
3877
3890
3901
3906
3907
3923
3924
3928
3948
3949
3958
3959
3965
3972
3988
4010
4013
4017
4018
4022
4027
4028
4033
4035
4047
4055
4056
4072
4081
4086
4087
4090
4105
4110
4127
4138
4139
4140
4143
4153
4162
4168
4172
4185
4186
4189
4193
4199
4202
4210
4212
4216
4219
4233
4234
4240
4246
4248
4249
4265
4280
4289
4292
4296
4298
4301
4308
4312
4323
4324
4329
4340
4346
4358
4359
4362
4379
4389
4398
4411
4413
4425
4428
4430
4442
4449
4457
4464
4465
4469
4473
4476
4488
4494
4497
4500
4502
4503
4517
4519
4526
4534
4544
4546
4558
4559
4561
4562
4563
4571
4574
4583
4593
4594
4600
4607
4615
4620
4621
4622
4623
4639
4652
4661
4662
4666
4668
4669
4681
4716
4730
4735
4738
4739
4742
4749
4753
6692
4755
4761
4772
4777
4798
4799
4805
4816
4826
4848
4851
4863
4867
4870
8109
4887
4889
4898
4903
4907
4914
4919
4925
9608
4946
4952
4954
4970
4972
4977
4993
6386
4995
4999
5003
5015
5020
5024
5025
5037
5044
5066
5070
5074
5095
5105
5109
5111
5113
5115
5116
5117
5121
5125
5128
5129
5130
5136
5141
5148
5162
5166
5168
5183
5187
5195
5203
5207
5213
5214
5217
5229
5236
5243
5247
5250
5291
5294
5295
5302
5308
5311
5318
5347
5348
5356
5365
5367
5381
5383
5397
5402
5423
5424
5429
5431
5440
5441
5443
5450
5453
5459
5492
5496
5502
5512
5518
5524
5526
5530
5531
5533
5534
5542
5549
5551
5552
5553
5554
5568
5569
5572
5574
5597
5603
5612
5615
5626
5638
5639
5660
5664
5669
5674
5677
5682
5693
5703
5708
5711
5712
5714
5718
5730
5734
5737
5739
5740
5751
5752
5767
5770
5777
5779
5800
5823
5828
5832
5857
7310
5865
5877
5881
5886
5891
5909
5917
5922
5931
5933
5934
5942
5952
5969
5972
5977
5982
5985
5991
6008
6026
6034
6038
6047
8339
6058
6062
6063
6069
6086
6098
6103
6105
6110
6113
6117
6125
6129
6141
6143
6144
6147
6156
6157
6167
6172
6176
6183
6184
6185
6189
6191
6194
6203
6219
6224
6227
6230
6237
6240
6241
6249
6252
6256
6265
6266
6268
6271
6278
6285
6292
6294
6299
6307
6308
6318
6319
6323
6349
6357
6358
6359
6375
6377
6381
6391
6399
6403
6406
6414
6419
6424
6428
6437
6438
6440
6442
6446
6451
6453
6455
6471
6473
6483
6485
6490
6737
6492
6500
6516
6519
6521
6522
6525
6532
6538
6545
6556
6562
6564
6572
6579
6589
6592
6611
6620
6640
6648
6653
6671
6675
6676
6680
6681
6684
6688
6690
6700
6701
6705
6708
6711
6714
1049
6720
6723
6726
6733
6742
6749
6753
6757
6763
6765
6768
6775
6780
6785
1069
6787
6788
6790
6796
6853
6854
6857
6859
8275
182
6870
6875
6883
6893
6913
6914
6929
6937
6940
6965
6982
6993
7015
7019
7020
7024
7029
7032
7033
7061
7066
7068
7071
7085
7094
7100
7116
7118
7124
7125
7126
7129
7130
7138
7139
7147
7150
7153
7154
7158
7173
7190
7192
7203
7205
7210
7211
7212
7213
7214
7219
7220
7222
7225
7226
7229
7232
7233
7240
7242
7246
7247
7250
7256
8977
7259
7260
7263
7271
7275
7280
7284
7290
7297
7299
7301
7303
7305
7306
7308
7313
7324
7326
7330
7344
7348
7350
7358
7361
7373
7395
7412
7416
7433
7438
7444
7463
7468
7475
7477
7494
7511
7516
7523
7524
7527
7528
7534
7543
7544
7547
7561
7577
7585
7604
8543
7610
7628
7634
7640
7645
7657
7661
7664
7679
7686
7730
7737
7748
7766
7769
7773
7789
7793
7796
7811
7825
7827
7828
7836
7853
7886
7888
7891
7892
7896
7899
7900
7904
7921
7929
7940
7949
7967
7972
7973
7975
7979
7986
7989
7996
7997
8011
8015
8023
8026
8031
8040
8056
8061
8066
8070
8083
8085
8091
8093
8103
8112
8116
8124
8136
8149
8152
8178
8181
8190
8208
8218
8237
8244
8248
8249
8250
8254
8267
8276
8283
8286
8290
8292
8293
8305
8310
1807
8311
8315
8316
8322
8325
8351
8356
8360
8366
8371
8377
8381
8386
8391
8397
8409
8414
8420
8421
8427
8429
8556
8448
8459
8465
8468
8478
8481
8505
8508
8515
8527
8546
8550
8554
8555
8560
8563
8572
8577
8578
8581
8595
8596
243
8602
8617
8621
8629
8630
8636
8638
8652
8657
8661
8662
8670
8672
8679
8692
8693
8699
8703
8706
8709
8715
8727
8728
8742
8744
8757
8758
8760
8773
8782
8807
8814
8823
8827
8835
8840
8848
8849
8866
8869
8875
8879
8885
8893
8894
8901
8920
8934
8938
8947
8948
8951
8954
8961
8984
8988
8996
9018
9024
9033
9038
9050
9062
9065
9080
9097
9101
9117
9130
9139
9150
9166
9169
9180
9197
9199
9216
9218
9219
9224
9250
9251
9256
2638
9265
9285
9294
9301
9307
9321
9332
9350
9351
9352
9360
9361
9362
9363
9369
9374
9382
9383
9384
9392
9393
9409
9422
9424
9437
1579
9445
9449
9458
9473
9475
9476
9479
9493
9527
9529
9531
9539
9558
9563
9572
9573
1996
9574
9576
9581
9596
9598
9602
9606
9609
9612
9614
9619
9622
9629
9630
9632
9634
9653
9655
9658
9675
9686
9690
9697
9706
1110
9707
9708
9728
9736
9749
9755
9760
9805
9814
9817
9829
9830
9834
9835
9839
386
9841
9845
9847
9850
9858
9895
9921
9923
9924
9931
9940
9946
9948
9958
9980
9995
2
20
21
30
56
57
58
60
66
67
68
70
75
78
107
109
113
114
124
128
764
130
132
146
153
155
157
161
163
167
396
170
171
176
183
519
184
2727
192
193
199
201
209
211
212
218
235
763
245
251
255
262
264
265
266
276
283
284
286
290
292
296
298
300
303
304
1868
311
320
326
330
332
333
335
339
340
341
342
346
451
352
353
359
360
366
373
375
379
382
388
394
397
398
409
412
422
424
425
430
433
435
436
437
440
443
445
447
449
450
465
476
483
484
2216
489
495
502
509
513
516
517
520
1964
540
545
547
554
555
556
562
563
567
573
576
592
593
596
597
1875
598
602
607
611
615
638
640
650
651
652
657
662
668
674
675
676
677
678
695
701
702
708
710
715
716
728
735
737
742
746
754
766
767
768
771
776
782
787
793
796
809
819
821
827
831
835
836
837
839
842
843
847
849
854
855
856
860
861
862
866
873
877
878
879
885
887
889
895
896
899
905
909
913
921
924
925
927
930
2283
934
935
946
950
954
966
969
972
974
975
3065
980
999
1005
1013
1023
1031
1039
1041
1043
1045
1051
1053
1066
1068
1074
1082
1085
1093
1098
1108
1115
1117
1118
1119
1122
1124
1127
1129
1131
1136
1138
1145
1147
1149
1153
1155
1156
1168
1171
1185
1190
1193
1198
1201
1209
1212
1213
1214
1215
1218
1223
1225
1228
1230
1237
1239
1250
1252
1253
1257
1269
1270
1271
1282
1285
1303
1310
1320
1321
1327
1329
1332
1334
1336
1342
1348
1352
1357
1370
1371
1372
2043
1374
1381
1382
1384
1387
1388
2069
1391
1393
1399
1401
1404
1410
2258
1412
1415
1416
1422
1423
1431
1434
1442
1454
1458
1466
1470
1472
1479
1483
1487
1493
1495
1500
1502
1509
1512
1516
1692
1517
1519
1521
1528
1537
1538
1562
1564
1570
1571
1573
2828
1585
1596
1597
1598
1599
1601
2077
1614
1616
1617
1621
1624
1628
1632
1633
1635
1636
1654
1656
1657
1660
1671
1673
1677
1682
1689
1693
1703
1705
1706
1707
1715
1717
1718
1719
1723
1731
1739
1741
1751
1760
1769
1771
1776
1780
1787
1793
1795
1799
1802
1803
1806
1808
1814
1815
1835
1836
1841
1843
1846
1853
1859
1864
1865
1866
1878
1886
1890
1897
1900
1901
1906
1914
1916
1920
1927
1930
1932
1933
1934
1936
1942
1952
1955
1957
1966
1971
1972
1973
1975
1980
1984
1992
2000
2002
2003
2008
2017
2019
2022
2025
2044
2049
2052
2054
2055
2070
2084
2085
2088
2092
2094
2097
2099
2101
2107
2110
2113
2116
2117
2125
2133
2135
2142
2143
2147
2151
2154
2155
2158
2172
2174
2183
2186
2189
2190
2193
2201
2204
2206
2210
2222
2223
2234
2244
2248
2257
2264
2268
2271
2274
2279
2294
2296
2297
2301
2303
2307
2311
2312
2321
2323
2324
2327
2328
2329
2334
2345
2353
2354
2362
2365
2366
2369
2371
2374
2388
2397
2415
2419
2425
2426
2428
2431
2437
2439
2445
2452
2465
2469
2472
2474
2477
2482
2484
2488
2490
2492
2493
2499
2506
2507
2512
2515
2521
2524
2535
2550
2552
2554
2560
2565
2575
2576
2581
2587
2592
5508
2598
4093
2600
2608
2610
2613
2624
2625
2628
2636
2647
2654
2660
2661
2666
2669
2679
2682
2688
2691
2698
2700
2710
2719
2724
2731
2733
2734
2735
2736
2739
2740
2741
2747
2748
4767
2757
2761
2767
2782
2783
2786
2787
2788
2793
2797
2800
2807
2812
2820
2823
2836
2840
2843
2844
2848
2858
2866
2869
2870
2871
2890
2895
2897
2898
2899
2904
2906
2911
2923
2929
2931
2933
2934
2938
2942
2943
2946
2950
2953
2954
2956
2959
2961
2967
2969
2970
2975
2978
2980
2987
2990
2994
2995
2997
3005
3008
3016
3021
3022
3025
3030
3032
3035
3039
3042
3046
3066
3076
3084
3096
3098
3102
3103
3106
3113
3118
3120
3123
3128
3141
3144
3148
3153
3161
3163
3170
3171
3172
3176
4227
3184
3186
3192
3194
3198
3204
3205
3217
3218
3222
3224
3230
3235
3244
3250
3251
3257
3258
3259
3261
3262
3263
3266
3268
3269
3277
3279
3280
3286
3290
3293
3295
3300
3305
3308
3310
3311
3316
3322
3333
3352
3358
3360
3369
3383
3385
3388
3389
3393
3395
3397
3401
3402
3411
3412
3415
3421
3422
3423
3428
3431
3432
3443
3444
3446
3455
3457
3464
4360
3467
3469
3471
3473
3478
3479
3481
3490
3491
3493
3497
3498
3499
3501
3504
3517
3528
3532
3540
3553
3562
3563
3569
3570
3575
3578
3584
3588
3589
3598
3603
3604
3609
3611
3612
3624
3630
3631
3639
3640
3645
3657
3663
3665
3670
3675
4579
3685
3686
3687
3690
3691
3692
3693
3694
3697
3699
3705
3711
3716
3719
3722
3729
3731
3742
3752
3753
3756
3760
3766
3767
3778
3780
3785
3791
3793
3796
3799
3810
3811
3821
3822
3825
3826
3833
3834
3836
3837
3842
3851
3858
3862
3863
3868
3869
3871
3873
3876
3878
3884
3892
3896
3903
3905
3908
3910
3912
3915
3921
3929
3933
3944
3957
3960
3962
3964
3966
3969
3974
3985
3989
3990
3992
3994
4011
4012
4019
4023
4032
4050
4053
4059
4062
4063
4066
4083
4085
4101
4102
4103
4106
4108
4109
4112
4121
4132
4142
4151
6869
4159
4178
4182
4183
4184
4187
4192
4198
4205
4206
4214
4220
4229
4235
4237
4259
4261
4262
4269
4270
4272
4274
4279
4282
4284
4294
4297
4306
4307
4310
4311
4316
4318
4320
4326
4334
4335
4339
4342
4347
4353
4354
4383
4384
4392
4399
4404
4405
4407
4417
4418
4419
4421
4424
4426
4431
4432
4433
4440
4446
4453
4455
4460
4461
4481
4486
4487
4492
4493
4498
4501
4504
4515
4518
4525
4529
4531
4538
4548
4549
4551
4556
4569
4587
4595
4597
4601
4613
4968
4614
4619
4625
4630
4632
4635
4640
4643
4645
7090
4646
4654
4659
4660
4664
4674
4677
4682
4687
4691
4692
4706
4709
4710
4714
4722
4724
4725
4736
4751
4770
4771
4776
4779
4781
4785
4790
4791
4792
4795
7623
4796
4804
7711
4810
4812
4815
4827
4829
4831
4833
4834
4836
4843
4844
4846
4847
4849
4850
4853
4854
4856
4860
4861
4872
4874
4877
4882
4884
4885
4897
4904
4905
4908
4909
4911
4915
4916
4918
4921
4926
4927
4928
4931
4932
4934
6647
4935
4943
4945
4947
4955
4961
4978
4981
4982
4984
4988
4997
5000
5001
5005
5012
5013
5014
5016
5028
5030
5032
5036
5038
5040
5043
5046
5051
5054
5055
5058
5059
5077
5080
5082
5090
5093
5096
5098
5102
5104
5110
5123
5127
5132
5134
5143
5144
5145
5146
5149
5151
5161
5164
5165
6195
5167
5169
5170
5171
5173
5191
5192
5193
5196
5198
5199
5205
5209
5211
5218
6686
5246
5248
5249
5252
5257
5259
7763
5263
5264
5266
5271
5282
5286
5288
5290
5297
6736
5300
5306
5314
5315
5319
5321
5326
5328
5332
5334
5335
5344
7411
5346
5354
5359
5360
5361
5363
5371
5379
5380
5395
5396
5403
5404
5406
5411
5419
5426
5427
5434
5438
5442
5464
5468
5469
5470
5471
5472
5476
5477
5480
5484
5486
5487
5488
5495
5497
5503
5505
5514
5519
5522
5525
5529
5557
5558
5560
5573
5578
5579
5581
5588
5589
5592
5595
5604
5608
5609
5614
5625
5630
5646
5651
5657
5666
5668
5670
5671
5680
5681
5685
5691
5696
5709
5713
5715
5717
5727
5735
5744
5745
5748
5753
5754
5757
5762
5774
5780
5786
5797
5798
5799
5806
5811
5812
8723
5815
6427
5822
5826
5827
5829
5831
5838
6758
5848
5850
5852
5853
5862
5863
5867
5869
5871
5872
5873
5874
5876
6360
5885
5887
5893
5896
5908
5915
5919
5921
5927
5936
5937
5938
5943
5948
5956
5961
5963
5965
5966
5967
5975
5984
5992
5998
6009
6013
6014
6020
6021
6031
6036
6043
6045
6048
6055
6056
6061
6064
6066
6071
6797
6079
6090
6093
6095
6102
6104
6120
6123
6134
6148
6159
6161
6165
6169
6178
6180
6201
6215
6216
6222
6226
6231
6233
6234
6236
6238
6251
6254
6255
6261
6262
6263
6272
6275
6283
6284
6287
6289
6290
6301
6310
6312
6314
9076
6321
6326
6327
6515
6329
6330
6337
6341
6342
6346
6347
6351
6353
6368
6372
6373
6380
6382
6383
6384
6385
6389
6393
6394
6407
6408
6417
6418
6422
6431
6432
6461
6463
6465
6466
6475
6478
6488
6493
6495
6499
6501
6510
6512
6520
6529
6530
7675
6531
6534
6535
6547
6552
6554
6555
6559
6561
6581
6584
6593
6601
6607
6614
6615
6621
6623
6627
6634
6638
6642
6644
6646
6651
6655
6661
6678
6682
6691
6694
6695
6699
6707
6719
6721
6724
6725
6732
6738
6739
6751
6756
6759
6761
6773
6784
6789
6791
6792
6802
6803
6806
6809
6810
6821
6826
6830
6831
6833
6842
6848
6856
6858
6860
6861
6865
6884
6890
6892
6903
6909
6911
6912
6916
6920
6933
6935
6942
6943
6951
6962
6967
6971
6974
6975
6978
6979
6992
6994
7004
7006
7007
7010
7014
7016
7018
7027
7028
7038
7049
7051
7055
7060
7065
7067
7070
7076
8400
7087
7089
7092
7097
7102
7106
7107
7111
7119
7120
7123
7127
7128
7132
7140
7148
7156
7157
7161
7164
7166
7168
7169
7772
7170
7188
7189
7193
7195
7199
7201
7206
7208
7223
7224
7228
7230
7237
7238
7244
7252
7257
7265
7266
7267
7272
7274
7281
7283
7286
7288
7291
7300
7302
7316
7318
7325
7339
7353
7363
7369
7384
7402
7404
7405
7406
7407
7418
7421
7424
7428
7429
7434
7437
7443
7448
7476
7482
7485
7502
7503
7509
7512
7513
7514
7521
7529
7530
7540
7545
7553
7558
7560
7562
7569
7571
7573
7580
527
7587
7588
7589
7592
7598
7603
7612
7614
7616
7624
7627
7633
7652
7654
7656
7659
7660
7662
7663
7668
7674
7678
7680
7684
7688
7691
7694
7695
7699
7706
7715
7716
7718
7732
7738
7744
7750
7758
7759
7776
7782
7785
7797
7801
7809
7813
7816
7818
7819
9993
7824
7826
7829
7844
7850
7863
7864
7870
7875
7878
7883
7885
7893
7897
7905
7918
7922
7923
7927
7932
7944
7947
7948
7950
7954
7961
7969
7970
7976
7977
7978
7983
7984
7998
8001
8003
8006
8018
8029
8036
8038
8039
8048
8049
8051
8058
8060
8062
8063
8065
8073
8074
8084
8087
8095
8101
8105
8115
8117
8121
8122
8128
8130
8131
8135
8144
8146
8147
8148
8155
8156
8169
8171
8175
8176
8183
8185
8188
8189
8195
8197
8198
8199
8203
8205
8219
8224
8225
8229
8231
8243
8247
8255
8257
8258
8262
8264
8266
8270
8274
8277
8280
8281
8282
8285
8291
8302
8307
8308
8309
8314
8320
8321
8328
8332
8333
8335
8338
8340
8345
8346
8350
8355
8362
8363
8364
8372
8373
8375
8380
8390
8393
8402
8405
8406
8410
8415
8419
8423
8432
8434
8439
8442
8450
8453
8462
9592
8469
8474
8480
8489
8499
8516
8517
8519
8524
8535
8538
8541
8547
8549
8553
8575
8579
8580
8584
8588
8589
8594
8605
8608
8614
8615
8626
8641
8643
8645
8650
8651
8663
8668
8671
8674
8682
8688
8691
8710
8712
8718
8719
8720
351
8729
8730
8732
8733
8734
8740
8749
8753
8754
8755
8777
8783
8787
8792
8794
8798
8801
8804
8812
8816
8822
8825
8828
8830
8841
8843
8844
8847
8850
8855
9888
8857
8862
8863
1227
8872
8877
8884
8887
8889
8892
8903
8905
8909
8913
8914
8917
8929
8931
8933
8942
8945
8949
8956
8958
8970
8971
8973
8974
8978
8987
8990
8995
9000
9001
9002
9004
9008
9010
9011
9012
9013
9014
9693
9025
9028
9032
9034
9040
9043
9048
9053
9054
9058
9064
9072
9075
9088
9092
9093
9095
9102
9104
9105
9109
9758
9118
9119
9122
9125
9131
9132
9146
9149
9153
9156
9157
9164
9167
9171
9172
9177
9182
9196
9198
9202
9204
9205
9213
9214
9225
9231
9234
9240
9241
9242
9247
9252
9466
9255
9257
9263
9270
9271
9273
9276
9278
9286
9288
9290
9292
9295
9299
9302
9303
9308
77
9311
9315
9316
9322
9327
9328
9331
9333
9336
9339
9340
9341
9345
9346
9353
9355
9358
1116
1770
9359
9377
9386
9395
9400
9404
9408
9410
9412
9415
9417
9418
2119
9423
9427
9433
9434
9439
9443
9444
9447
9448
9453
9467
9469
9471
2509
9478
9480
40
9482
9483
9484
9486
9488
9499
9504
9506
9514
9521
9991
9522
9523
9533
9536
9545
9550
9552
9554
9570
9575
9585
9591
9593
9595
9599
9618
9620
9623
9636
9638
9644
9646
9648
9649
9650
9651
9656
9659
9660
9673
9674
9676
800
9682
9684
1959
9692
9696
9699
9701
9710
9712
9721
9725
9731
9734
9743
9745
9751
9754
9765
9766
9768
9769
9774
9780
9785
9791
9795
9803
1526
9804
9812
9819
9821
9823
9824
9828
9846
9854
9862
9868
9869
9872
9873
9878
9881
9884
9891
9892
9898
9900
9905
9909
9914
1612
9922
9927
9928
9929
118
9933
9949
9957
9968
9973
9975
9984
9985
9989
9992
442
9997
8
10
14
15
17
23
27
34
45
48
49
50
51
53
54
2646
59
61
62
65
80
83
84
85
86
91
94
97
103
104
108
112
116
123
125
131
135
137
140
143
145
148
150
152
154
165
168
169
1915
172
174
179
180
181
187
189
190
194
207
208
214
216
217
219
221
222
224
228
230
233
238
242
252
253
256
258
259
263
271
274
275
278
279
281
580
288
293
2149
302
305
313
319
347
348
358
362
370
376
385
390
391
393
400
404
410
414
418
419
431
439
441
1012
455
463
464
467
475
481
482
485
486
487
490
491
493
494
497
501
510
512
522
524
526
530
534
542
549
550
557
3281
559
565
577
582
589
595
599
605
608
610
612
613
624
628
643
644
653
654
661
671
673
680
681
684
685
688
692
693
698
711
713
719
723
731
738
739
743
751
752
753
756
773
775
777
779
786
789
798
799
803
805
807
817
828
833
841
845
848
858
863
919
876
881
886
892
897
900
901
902
907
908
911
915
917
926
3392
937
938
940
942
945
958
962
968
970
978
982
985
988
991
996
997
1016
1017
1021
1022
1025
1026
1030
1034
1035
1048
1050
1057
1060
1061
1062
1073
1075
1076
1078
1084
1091
1095
1097
1102
1107
1111
2389
1120
1121
4123
1150
1151
1152
1158
1159
1443
1160
1161
1162
1166
1175
1176
1179
1180
1188
1189
1194
1195
1210
1220
1224
1226
2037
1244
1245
1891
1251
1258
1259
1262
1263
1267
1273
1275
1278
1289
1290
1293
1300
1301
1302
1307
1316
1317
1322
1324
1325
1339
1341
1344
1350
1355
1356
1358
1363
1367
1368
1369
1373
1376
1377
1389
1398
1402
1407
1408
1414
1418
1430
1439
1447
1448
1455
1460
1464
1467
1468
1469
1471
3001
1480
1484
1488
1489
1491
1498
1501
1507
1508
1511
1514
1525
1530
1534
1535
1541
1542
1543
1546
1559
1560
1561
1563
1572
1575
1577
1582
1584
1586
1588
1590
1605
1607
1609
1615
1618
1626
1634
1638
1641
1643
1647
1650
1652
1662
1667
1676
1680
1684
1685
1687
1694
1702
1709
1710
1712
1714
1716
1720
1726
1727
1730
1733
1745
1747
1754
1755
1757
1758
1763
1774
1778
1779
1792
1800
1809
1813
1816
1818
1825
1826
1828
1831
1833
1844
1851
1852
1856
1857
1861
1876
1877
1882
1883
1884
4553
1892
1911
1925
1931
1939
1943
1947
1949
1954
1956
1962
1965
1969
1981
1983
2006
2010
2012
2014
2016
2018
2021
2023
2024
2026
2038
2045
2050
2051
2058
2061
2063
2080
2082
2093
2096
2105
2106
2112
2122
2129
2130
2136
2141
2153
2160
2161
2167
2177
2181
2188
2195
2196
2202
2205
2213
2226
2229
2230
2232
2237
2241
3362
2242
2245
2250
2261
2265
2266
2269
2277
2280
2282
2285
3702
2286
2288
2295
2298
2582
2302
4135
2309
2310
2316
2319
2331
2351
2357
2360
2363
2370
2373
2375
2380
2381
2386
2395
2399
2401
2402
2404
2406
2827
2407
2409
2416
2421
2434
2438
2442
2443
2448
2450
2456
2461
2462
2463
2468
2470
2478
2485
2487
2501
2502
2551
2508
2510
2523
2527
2529
2531
3043
2538
2544
2545
2548
2567
2569
2573
2577
2578
2583
2593
2594
2597
2602
2603
2605
2615
2616
2617
2618
2621
2623
2627
2631
2632
2657
2675
2676
2695
2696
2699
2701
2711
2714
2722
2726
2728
2729
2732
2738
2742
2743
2744
2750
2754
2755
2758
2763
2776
2778
2779
2781
2785
2790
2799
2801
2805
2816
2817
2821
2824
2829
4096
2833
2837
2841
2842
2846
2850
2851
2861
2865
2878
2879
2880
2882
2885
2892
2900
2903
2908
2909
2912
2914
2922
2924
2928
2945
2955
2957
2958
2960
2966
2971
2976
2981
2983
2999
3000
3009
3010
3013
3018
3031
3034
3036
3048
3052
3056
3058
3060
3064
3072
3073
3075
3079
3080
3082
3502
3087
3091
3094
3679
3095
3104
3107
3111
3112
3115
3119
3125
3127
3129
3131
3888
3132
3134
3135
3136
3151
3158
3165
3166
3168
3173
3183
3185
3190
3193
3195
3197
3199
3207
3215
3216
3221
3223
3227
3231
3236
3249
3255
3264
3271
3273
3276
3278
3282
3283
3285
3935
3291
3294
3298
3301
3318
3319
3328
3329
3331
3332
3761
3334
3335
3337
3340
3341
3342
3343
3344
3351
3354
3355
3359
3363
3364
3367
3370
3371
3372
3376
6356
3382
3384
3386
3391
3394
3403
3410
3418
3419
3424
3426
3430
3440
3442
3450
3451
3452
3459
3462
3476
4088
3482
3483
3486
3487
3500
3505
3509
3514
3519
3521
3522
3531
3535
3536
3539
3541
3546
3554
3555
3556
4016
3557
3559
3560
3565
3568
3576
3580
3583
3595
3597
3599
3606
6108
3618
3621
3622
3623
3633
3641
3647
3654
3660
3677
3683
3688
3696
3701
3707
6449
3708
3712
3714
3715
3724
3727
3736
3740
3750
3762
3763
3769
3771
3772
3775
3777
3786
3788
3790
3795
3798
3800
3801
3807
3814
6096
3823
3827
3829
3830
3832
3839
3841
3847
3849
3854
3856
3867
3872
3879
3881
3882
3883
3885
3886
3887
3889
3891
3900
3904
5272
3920
3926
3932
3934
3938
3941
3945
3947
3950
3951
3954
3955
3967
3970
3973
3981
3982
3983
3984
5988
3986
4002
4004
4008
4009
4015
4020
4024
4029
4036
4037
4041
4042
4043
4048
4057
4058
4060
4061
4064
4069
4196
4071
4073
4074
6862
4075
4078
4094
4095
4097
4114
4115
4128
4130
4136
4141
4150
4158
4164
4166
4167
4170
4176
4177
4195
4203
4204
4211
4213
4217
4226
4238
4241
4242
4243
4250
4253
4254
4258
4260
4263
4273
4275
4276
4277
4281
4287
4288
4291
4293
4299
4305
4322
4327
4330
4337
4351
4352
4361
4369
4370
4371
4372
4375
4376
4381
4382
4387
4395
4396
4397
4406
4408
4416
4429
4437
4438
4445
4448
4450
4451
4452
4459
4462
5697
4463
6908
4467
4468
4470
5635
4471
4479
4480
4489
4507
4512
4513
5237
4516
4522
4523
4528
4530
5392
4533
4540
4543
7378
4555
4560
4564
4567
4575
4577
4578
4580
4581
4584
4585
4586
4589
4599
4604
4608
4609
4610
4611
4618
4624
4629
4637
4647
4648
4649
4650
4655
4656
4657
4658
4665
4670
4673
4683
4688
4690
4694
4698
4699
4702
4711
4712
4713
4717
4723
4726
4731
4740
4745
4746
4747
4748
4750
4754
4759
4768
4769
4773
4774
4778
4782
4786
4793
4794
4797
4800
4801
4802
4808
4809
4811
4814
4819
4820
4822
4823
4824
4832
4835
4839
4852
4855
4857
4858
4864
4865
4866
7889
4875
4878
4879
4883
4886
4891
4893
4894
4896
4913
4924
4929
4933
4938
4941
4949
4950
6877
4957
4958
4964
4965
4973
4976
4983
4985
4986
4991
5002
5004
5007
8154
5008
5163
5029
5047
5067
5069
5084
5089
5091
5100
5107
5112
5118
5120
6905
5124
5126
5135
5137
5138
5142
5150
5156
5157
5158
5160
5175
5176
5179
5184
5202
5204
5220
5226
5227
5230
5231
5233
5234
5245
5253
5260
5269
5270
5274
5280
5283
5284
5289
5292
5293
5301
5303
5309
5310
5312
5324
5327
5338
5341
5345
5350
5353
5355
5357
5366
5373
5375
5377
5382
5390
5393
5398
5399
5401
5408
5410
5415
5418
5420
5422
5904
5428
5433
5437
5445
5448
5451
5465
5466
5467
5474
5479
5482
5485
6807
5489
5493
5494
5498
5500
5504
5506
5507
5509
5513
5515
5516
5520
5523
5535
5537
5540
5544
5545
5784
5546
5550
5556
5559
5561
5564
5565
5567
5570
5571
5577
5585
5586
5590
5591
5600
5601
5605
5607
5613
5616
5617
5619
5620
5621
5622
5623
5634
5636
5643
5645
5654
5656
5658
5659
5661
5663
5667
5672
5679
5683
5689
5695
5698
5702
5706
5716
5720
5721
5723
5725
5726
5728
5729
5732
5736
5742
5743
5750
5761
5766
5768
5781
5783
5785
5789
5792
5793
5794
5795
5803
5805
5807
5810
5819
5834
5836
5843
5845
5846
5847
5854
5858
5859
5861
5864
5866
7745
5880
5883
5894
5900
5905
8697
5906
5907
5910
5911
6481
5913
5914
6988
5916
5920
5928
5930
5935
5946
5949
5953
5954
5955
5959
5962
5970
5974
5976
5980
5981
5993
5994
6000
6834
6003
6004
6005
6011
6015
6023
6024
6028
6030
6033
6044
6059
6060
6067
6074
6075
6078
6085
6088
6091
6092
6094
6099
6100
6107
6112
6114
6136
6137
6140
6149
6151
6836
6153
6158
6171
6174
6175
6181
6196
6197
6198
6204
6209
6212
6214
6220
6221
6229
6243
6248
6250
9577
6257
6264
6269
6300
6302
6311
6316
6320
6331
6332
6334
6338
7239
6339
6340
6345
6352
6355
6361
6363
6367
6396
8690
6397
8861
6401
6402
6404
6405
6409
6411
6412
6415
6423
6433
6434
6436
6441
6454
6467
6468
6474
6479
6482
6484
6487
6489
6491
6496
6507
6508
6509
6511
6517
6551
6553
6558
6560
6566
6567
6569
6570
6575
6576
6583
6585
6586
6591
6596
6600
6602
6603
6604
6605
6608
6610
6612
6613
6616
6617
6619
6622
6625
6626
6633
6635
6636
6649
6652
6657
6662
6664
6666
6672
6674
6677
6697
6702
6704
6712
6718
6727
8447
6729
6735
6740
6744
6745
6748
6754
6755
6762
8113
6772
6774
6777
6945
6793
6794
6795
6798
6816
6818
6819
6840
6846
6847
6850
6864
6868
6871
6880
6881
6886
6887
6889
6891
6894
6896
6897
6899
6900
6915
6918
6919
6921
6922
6928
6930
158
6934
6939
6950
6954
6956
6970
6973
6980
6981
6983
6985
6987
6990
9309
6997
7023
7030
7031
7035
7036
7040
7041
7044
7052
7053
7057
7075
7080
7081
7093
7103
7112
7115
7117
7134
7136
7141
9047
7144
7149
7152
7155
7159
7163
7174
7176
7177
7181
7182
7186
7187
7198
7218
7236
7254
7270
7294
7312
7314
7315
7332
7334
7337
7341
7342
7355
7360
7374
8009
7376
7381
7382
7385
7386
7398
7401
7409
7413
7415
7417
7420
7422
7425
7426
7431
7440
7441
7442
7449
7457
7461
7462
7464
7466
7474
7479
9579
7487
7489
7490
7491
7492
7495
7497
7500
7501
7506
7510
7518
7535
7554
7555
7556
7559
7568
645
7578
7595
7596
7599
7605
7606
7608
7611
7620
7621
7629
7638
7639
7644
7646
7649
7655
8458
7658
7677
7682
7685
7692
7700
7702
7703
7710
7712
7717
7727
7734
9365
7739
7740
7741
7749
7753
7810
7755
7757
7761
7764
7765
7767
7775
7777
7779
7780
7787
7788
7791
7794
7795
7798
7799
7800
7802
7804
7806
7807
7817
7823
7831
7833
7841
7842
7849
7852
7855
7858
7859
7865
7867
7869
7873
7881
7894
7895
7901
7907
7910
7912
7913
7920
7924
7928
7935
7936
7938
7939
7946
7955
7962
7974
7985
7987
7991
7993
983
7999
8000
8002
8004
8005
8013
8022
8024
8027
8041
8052
8059
8067
8071
8072
8075
8078
8089
8096
8099
8102
8108
8110
8118
8119
8120
8123
8127
8133
8820
8138
8139
8140
8141
8157
8162
8163
8167
8168
8174
8191
8200
8204
8213
8216
8222
8223
884
8228
8238
8241
8242
8251
8260
8272
8273
8278
8288
8295
8297
9396
8298
9886
8299
8318
8324
8326
8329
8331
8337
8343
8344
8347
8358
8359
8997
8365
8367
8368
8370
8379
8384
8388
8389
8394
8399
8404
8408
8412
8416
8425
8426
8431
8436
8445
8446
8451
8460
8467
8475
8476
8479
8482
8484
8493
8494
8496
8497
8501
8503
8839
1457
8510
1608
8520
8525
8526
8528
8529
8532
8537
8545
8552
8558
8567
8570
8582
8585
8586
8600
8601
8603
8609
8612
8619
8627
8632
8637
8639
8640
8642
8649
8653
8664
8667
9916
8675
1506
8677
623
8678
8684
8685
8694
8695
8700
8714
8735
8741
8743
8746
8748
8751
8762
8764
8767
8769
8774
8775
8784
8786
8789
8791
8793
8796
8800
8809
8810
1101
8813
8817
8819
8821
8826
8829
8842
8845
8853
8859
8860
8865
8870
8876
8883
8896
8900
8911
8915
8918
8922
1080
8924
8927
8932
8936
8946
8952
8960
8962
8964
8982
8989
8998
9003
9006
9017
9020
9022
9026
9031
1000
1112
9036
9041
9045
9046
603
9056
9060
9070
9071
9085
9086
9087
9090
9096
9100
9107
9108
9114
9115
9116
9121
9126
9127
9137
9141
9142
9151
9155
9159
9162
9165
9170
1126
9179
9183
9189
9195
9200
9201
9206
9220
9222
9223
9226
9228
9230
9237
9245
9248
9254
9266
9268
9274
9275
9277
9280
9293
9297
9298
9304
9310
9317
9318
9320
9325
9329
9330
9342
9343
9368
9370
9376
9380
9388
9391
9394
9398
9402
9403
9419
9971
9435
9440
9441
9446
9451
9465
9468
9481
9490
9491
9494
9498
9503
9505
9508
9515
9516
9518
9519
9524
9532
9547
9548
9551
9553
9561
9569
9580
9582
9586
9588
9594
9604
9611
9615
9616
9617
9633
9635
9645
9654
9665
9668
9670
9671
9677
9681
9688
9694
9695
9700
9703
9704
9717
9718
9720
9722
9723
9729
9732
9733
9737
9742
9747
9748
9750
9753
9756
9757
9759
9761
9767
9772
9773
9776
9779
9783
9788
9793
9796
9798
9809
9813
9815
9820
9825
9826
9827
9832
9838
9843
9844
9853
9855
9856
9860
9861
9867
9870
9871
9874
9875
9876
9879
9880
9885
9887
9890
9893
9894
9908
9910
9911
9915
9919
9920
9925
9930
9932
9941
9943
9945
9953
9955
9961
9962
9972
9974
9976
9977
9996
871
9999
3
6
9
31
32
37
38
1247
39
42
44
47
55
63
69
79
87
92
93
95
98
100
105
106
126
127
129
133
138
139
2056
141
4082
144
147
149
151
162
177
178
185
186
195
197
198
202
220
226
227
231
240
3635
244
247
250
261
267
269
280
285
295
317
321
323
325
329
331
343
355
368
383
387
389
4116
392
399
2475
403
683
408
411
609
413
415
416
423
428
429
444
446
452
460
469
470
473
479
3028
496
503
511
514
525
529
532
535
2335
539
543
553
561
568
569
570
579
584
585
594
1569
604
616
618
620
2940
626
627
631
634
635
636
637
639
641
646
648
649
655
656
659
664
665
670
672
694
700
703
704
717
718
722
724
729
732
741
765
788
801
810
811
815
818
824
826
3549
829
830
834
844
850
851
857
872
874
903
914
916
918
922
923
929
4689
3671
936
944
949
951
952
955
956
957
959
961
971
973
976
1002
1028
1036
3466
1037
1040
1046
1059
1067
1070
1079
1081
1086
1087
1090
1092
1105
1109
1114
1123
1130
1133
1140
1143
1144
1146
1154
1164
1167
1170
1173
1174
1177
1183
1187
1191
1192
1196
1199
1200
1202
1204
1206
3855
2936
1207
1208
1217
1219
1221
1222
1249
1260
1261
1268
1287
1296
1298
1299
1311
1314
1318
1337
1338
1346
1351
1353
1354
1359
1380
1386
1394
1396
1397
1403
1405
1417
1441
1446
1450
1462
1473
1476
1481
1486
1492
1497
1510
1515
1523
1527
1540
1545
1551
1552
1553
1554
1568
1578
1580
1606
1611
1620
1623
5031
1625
1631
1637
1639
1644
1648
1653
1658
1790
1666
1668
1669
5771
1674
1675
1686
1696
1697
1701
1708
5277
1721
1724
1728
1732
1735
1736
1740
1743
1744
1762
1764
1765
1775
1782
1785
2075
1796
1798
1810
1811
1812
1819
1824
1830
1840
1850
1854
1855
1860
1870
1872
1874
3732
1887
1889
1894
5224
1895
1896
1902
1904
1905
1907
1913
1917
2773
1926
1929
1937
1941
1945
1946
1970
1977
1978
1985
1987
1990
5755
1991
1995
2007
2009
2028
4888
2030
2039
2040
2041
2046
2048
2060
2067
2071
2072
2078
2187
2081
2086
2108
2118
2128
2131
2132
2139
2146
2150
2152
2156
2163
2164
2165
5182
2168
2178
2182
2184
2185
2191
2192
2197
2199
2207
2214
2233
2236
2243
2247
2263
2270
2281
2291
2300
2304
2325
2332
2339
2340
4917
2341
2344
2348
2364
2367
2378
2385
2387
2390
2391
2398
2400
2410
2411
2414
2417
4089
2424
2427
2430
2433
4953
2436
2441
2454
2457
2772
2458
2473
2476
2480
2489
2491
2497
2498
2503
2514
2516
2520
2522
2528
2530
2558
2559
2562
2563
2570
2571
2586
2604
2607
2609
2626
2630
2634
2640
2641
2642
2644
5978
2653
2655
2681
2685
2687
2708
2730
2751
2752
2766
2769
2777
2784
2789
2795
2796
4840
5816
2798
2802
2803
2808
2814
2818
2819
2826
2839
2849
2853
2854
2867
2873
2883
2893
2894
2901
2902
2920
2926
2930
2937
2962
2974
2988
2991
2992
3003
3015
3017
3024
3038
3040
3044
3054
3083
3209
3085
3086
3088
3090
3092
5882
3105
3117
3145
3149
3150
3162
3167
3169
3175
3178
3179
3180
3189
3191
3203
3234
3237
3239
3245
3246
3272
3274
3289
3299
3302
5139
3312
3320
6336
3324
3325
3330
3336
3339
3346
3348
3361
3365
3375
3377
3378
3381
3390
3396
3400
3406
3407
3409
3413
3416
3420
3425
3429
3437
3449
3454
3461
3463
3472
3489
3494
3495
3506
3510
3516
3523
3525
3530
3533
3534
4667
3537
3542
5699
3543
3544
3545
3550
3552
3561
3567
3572
3574
3577
3581
3582
3590
3591
3593
3605
3613
3620
3629
3636
3637
3638
3644
3648
3649
3652
3653
4111
3661
3666
3676
3689
3703
3706
3709
3710
3723
3725
3726
3730
3735
3741
3743
3745
3747
3749
3757
3768
3774
3776
3782
3789
3802
3809
3812
3828
3835
3844
3848
3860
3866
3870
3874
3911
3916
3919
3927
3930
3937
3940
3943
7200
3946
3956
3961
3971
3975
3980
3993
3996
3997
4000
4003
4007
4025
4026
4031
4039
4040
4049
4065
4076
4077
4084
4092
4113
4117
4124
4125
4133
4137
4144
4147
4148
4149
4152
4154
4155
4160
4163
4169
4171
4174
4175
6366
4190
4191
4201
4208
4215
4223
4225
4230
4252
4267
4268
4278
4285
4286
8150
4302
4303
4309
4315
4319
5606
4328
4332
4333
4341
4343
4348
4349
4356
4364
4366
4378
4380
4386
4391
4393
4401
4403
4409
4412
8080
4415
4420
4422
4427
4439
5582
4444
4454
4456
4466
4474
6843
4477
4482
4483
4485
4490
4491
4496
4506
4508
4509
4510
4514
4527
4535
5460
4537
4539
4547
4554
4582
4590
4592
4605
4612
4626
4627
4631
4633
4636
4641
4642
4672
4676
4679
4700
4701
4704
4705
4708
4715
4718
4720
4728
4737
4741
4752
4757
4763
4765
4766
4775
4788
4817
4821
4837
4845
4862
4869
4890
4892
8008
4895
8017
4899
4902
4906
4920
4922
4930
4936
4937
4942
4944
4948
4956
4959
4963
4969
4974
4975
4979
4989
5010
5018
5022
5026
5033
5035
5042
5052
6205
5056
5064
5065
5073
5087
7367
5094
5097
5108
5133
5147
5153
5159
5172
5180
5181
5185
5188
5190
5763
5194
5201
5208
5210
5215
5216
5223
5225
5232
5235
5241
5242
5251
5254
5255
5258
5261
5273
5279
5287
5296
5299
5304
5305
5320
5322
5325
5329
5331
5333
5339
5349
6851
5352
5364
5369
5372
5386
5387
5388
6193
5400
5409
6379
5414
7322
5417
5430
5436
5452
5455
5457
5458
5462
5463
5475
5483
5501
5532
5539
5541
5555
7347
5562
8648
5584
5594
5598
5610
5611
5618
5627
5628
5632
5641
5644
5648
5653
5665
5673
8890
5675
5676
5678
5684
5690
5710
5724
5733
5741
5765
5769
5772
5773
5776
5787
5801
5802
5808
5813
5820
5830
5833
5837
5839
5840
5868
5875
5879
7508
5888
5890
5895
5899
5901
5912
5918
5924
5926
5932
5940
5941
5950
5957
5987
5995
5997
6001
6012
6017
7167
6022
6027
6029
6040
6041
6042
6049
8289
6051
6057
6068
6072
6080
6111
6119
6122
6665
6131
6138
6142
6145
6152
6155
8557
6160
6163
6168
8304
6170
6179
6187
6188
6190
6192
6199
6202
6208
6217
6218
6235
6239
6242
6244
6246
6247
8454
6253
6267
6270
6273
6276
6277
6280
6281
6282
6288
6291
6304
6313
6317
6322
6325
6328
6344
6354
8941
6371
6376
6387
8986
6390
6410
6425
6426
6430
6445
6447
6448
6450
6452
6457
6470
6476
6477
6480
6505
6514
6524
6526
6528
6533
6543
6845
6544
6546
6549
6550
6563
6582
6587
6588
6590
6628
6629
6630
6632
6637
9401
6654
6658
6659
6668
8418
6669
8587
6670
6679
6685
6687
6703
6706
6709
6713
6716
6731
6741
6746
6747
6760
6767
6778
6786
6800
6804
6808
6813
6814
6822
6823
6825
6828
6829
6835
6838
9998
6841
6866
6874
6876
630
6878
6879
6888
6895
6898
6902
9098
6906
6907
6925
6926
6931
8461
6932
6947
6961
9436
6963
6964
6977
6991
6996
6999
7000
7002
7008
7011
7013
9425
7022
7042
7043
7059
7063
7064
7083
7084
7086
7088
7091
7096
7104
7110
7122
7133
7135
7171
7180
7183
7184
7185
7191
720
7196
7197
7209
7215
7234
7248
7251
7253
7261
7276
7277
7285
7292
7295
7296
7309
7311
7319
7320
7323
7327
7328
7329
7336
7346
8687
7354
7356
7359
7362
7364
7365
2440
7366
7371
7372
7377
7379
7383
7387
7389
8895
7391
7393
7399
7400
7410
8980
7430
7439
7445
7446
7447
7454
7459
7460
7465
7469
7483
7496
7498
7564
7499
314
7504
7517
7519
7525
7532
8378
7533
7538
7539
7541
7846
7542
7557
7563
7565
7566
7567
7572
7579
7590
7593
7594
7601
7602
7615
8868
7618
7619
7622
7630
7635
7636
7641
7643
7653
7665
7669
7671
7672
7673
7676
7681
7693
7697
7707
7709
7713
7719
7723
7731
7746
7747
7752
7756
7760
7771
7774
7778
7784
7803
7805
7812
7814
7815
7821
7834
7837
7839
7843
8514
7847
2690
7848
7851
7856
7857
7862
7866
3529
7868
7874
7879
7887
7890
7902
7903
7919
7925
7926
7930
7937
7945
7952
7953
7971
7981
7994
8007
8010
8019
8028
8030
8034
8046
8050
8054
8055
8057
8082
8090
8094
8097
8100
8104
8106
8111
8114
8125
8134
8137
8142
8143
8151
8153
8164
8166
8179
8180
8182
8187
1238
8202
8207
8209
8210
8211
8215
8221
8226
8232
8236
8252
8253
8256
8259
8263
8265
8854
8268
8269
8284
8296
8300
8313
8323
8330
8336
8341
8349
8353
8354
8369
8374
8382
8383
8385
8387
8398
8401
8411
8422
8428
8464
8470
8472
8486
8487
8490
8498
8500
8502
8506
8507
8511
8512
8533
8536
8544
8548
8562
8566
8576
8598
8599
8611
8620
8623
8634
8635
1235
5101
8644
8658
8659
8705
8666
8673
8680
8683
8686
8689
8696
8701
8704
8707
8713
8716
8717
8721
8725
3399
8738
8739
8747
8752
8765
8770
8780
8781
8797
8802
8803
8806
8808
8811
8815
8818
8831
8832
8838
8846
8864
8873
8902
8908
8910
8912
8916
8919
8921
8926
8930
8940
2272
8943
8957
8959
8969
8972
8975
8983
8992
8994
9016
9023
9027
9037
9049
9051
9052
9055
9061
9068
9069
9077
9078
9082
9083
9089
9110
9112
9128
9133
5817
9135
9136
9138
9143
9144
9168
9173
9176
9178
9181
9184
9185
9186
9187
9203
9208
9215
9221
9227
9232
9235
9246
9258
9259
9264
9269
9281
9284
9291
9305
2650
9323
9335
9337
9338
9344
9356
9357
9364
1773
9371
9378
9379
9381
1746
9389
9390
9397
1465
9399
9406
9407
9414
9426
9432
9454
9456
9459
9463
9472
9474
9477
9485
9487
9489
9492
9495
9496
9501
9509
9510
9512
6223
9517
9525
9528
9530
9537
9538
3922
9541
9542
9543
9566
9567
9568
9584
9587
9589
9590
9600
9601
9603
9605
9607
9610
9613
9621
9624
9628
9641
9642
9647
9657
9661
9679
9683
9691
9702
9705
9715
9724
9727
25
9730
9738
9740
9771
9775
9777
9778
9782
9784
9790
9794
9800
9802
699
9806
9807
9808
9811
9818
9822
9831
9848
9851
9852
6007
9859
9864
9882
9883
9897
9903
9934
9937
1163
9939
9942
9944
9947
9950
9951
9959
9963
687
9964
9965
9967
9969
9978
9990
9994
10000
1
4
7
22
29
35
36
41
46
64
71
74
88
89
101
102
110
115
121
159
160
166
204
237
239
6124
254
260
282
291
308
322
344
345
365
367
371
374
420
434
438
454
462
499
504
506
4806
508
536
551
575
6077
7333
587
591
601
619
625
658
660
666
669
691
727
736
748
749
750
769
774
791
804
820
822
832
838
852
853
890
891
898
920
933
941
965
990
994
1004
7160
1008
1010
1033
1044
1052
1065
1071
1125
1128
4783
1132
1135
1139
7298
4719
1246
1264
1284
1306
1308
1309
5416
1345
1347
1360
1383
1406
1413
1420
1421
1424
1427
1428
1437
1452
4236
1453
6135
7432
1463
1478
1499
1513
1518
1524
1532
1533
1544
1547
1557
1558
1565
1587
1591
8449
1593
1610
1627
1698
1699
1753
1794
1801
1821
1847
1858
1862
1873
1881
1893
1908
1918
1919
1958
1960
4244
1961
1974
1976
7964
1979
1988
6388
1989
1993
8217
1998
1999
2004
2005
2011
2015
2020
2032
2059
2073
2087
2090
2120
2121
2123
2134
2138
2145
2208
2220
2249
5804
2273
2275
2287
2293
2305
2306
2315
2322
2326
2346
2350
2352
2356
2361
2368
2379
2383
2384
2393
2396
6910
2422
2435
2447
2453
2459
3838
2460
2479
2495
2500
2504
2505
2519
2526
2532
2539
2590
7965
2596
2601
2614
2629
2643
2663
2670
6293
2673
2674
9385
2686
2697
2709
2712
2713
2716
2718
2737
2756
2760
2764
2768
2774
2794
2811
6578
2831
2862
2863
2868
2884
2886
2891
2917
2927
2932
2935
2948
2965
2968
2973
6459
3029
3059
3097
3116
3124
3146
3154
3188
3200
3206
7403
3225
3228
3229
3238
3288
9746
3309
3315
3317
3326
3345
3356
3374
3380
3404
3414
6698
3434
3445
3475
3484
3492
3511
3518
3524
3527
3538
8976
3566
3614
3616
3643
3655
3667
3672
3674
3717
3728
3751
3765
3770
3779
3840
3850
3894
3895
3897
3898
3899
3913
3917
3936
3939
3942
3952
3953
3963
6872
3976
3977
4363
3979
9511
3995
6968
4001
4044
4045
4070
4079
4080
4098
4099
4104
4107
4118
4119
4129
4131
4134
4145
4156
4157
4161
4703
4180
8993
5986
4188
4207
4221
7262
4224
4232
4245
632
4247
4255
4256
4257
4300
4313
4321
4325
4331
4336
4345
4350
4367
4368
4373
4388
4390
4394
4400
4410
8799
4414
4441
1323
8950
4447
4458
4495
4499
4505
4520
4532
4536
4542
4545
4552
9902
4565
8032
4576
4588
4591
4616
4628
4634
4663
4671
4675
4680
4693
4695
4721
4727
4729
4758
5079
4760
4762
4780
4807
4825
4828
4841
4842
4859
4868
4876
4881
4940
4960
4962
4971
4994
4996
4998
5023
5034
5045
5048
5053
5057
5068
5071
5072
5075
1734
5083
5085
5099
5114
5747
5152
5154
5186
5189
5200
5219
5222
5228
5238
5239
5278
5281
5307
5316
5323
5368
5374
5384
5385
5425
5439
5449
5456
5490
5521
5527
5538
5547
785
5548
5563
5587
5593
5599
5602
5629
5637
8246
5642
5650
5662
5688
5701
5704
5707
5719
5731
5756
5758
5760
5775
5790
5796
5821
5824
5825
5841
5844
5851
5855
5860
5889
5892
5898
5902
8573
5923
5964
5989
5990
6025
6032
6035
6039
6052
6070
6073
6076
6087
6089
6121
6128
6132
6133
6146
8923
6150
6162
6173
6182
6210
6225
6228
1216
6232
6245
6258
6259
7172
6260
6279
6295
6296
6298
6303
6305
6333
6335
6343
6348
6350
6364
6365
6369
6370
6374
6378
458
6392
6416
6421
6429
6435
6443
6444
6456
6460
6469
6486
6494
6498
6502
6503
6506
6518
6536
6540
6542
6565
488
6568
6571
6574
6597
6598
6624
6643
6650
6656
6660
6667
6683
6689
2579
6693
6717
6728
6730
6743
6766
6770
6771
6779
6782
6801
6811
6812
6815
6817
6820
6832
6837
6839
6849
6863
6901
6904
6936
6938
6941
6944
6948
6949
6952
6953
6955
6976
6984
6986
6995
7003
7012
7017
7039
7046
9188
7050
7056
7062
7077
7078
7079
7095
7098
7101
7121
7142
7146
7162
7194
7207
7227
7231
7235
7258
7264
7269
7282
7289
7304
7331
7335
7343
7349
7351
7352
7357
7370
7375
7380
7388
7392
7396
7408
7419
7423
7458
7473
7478
7484
7486
7505
7515
7531
472
7548
7570
7576
7581
7582
7586
7600
7607
9428
7625
7626
7648
7650
7666
7670
7683
7689
7696
8098
7701
2910
7708
7721
7729
7742
7743
7751
7762
8303
7768
7786
7792
7808
8766
7830
7832
7835
7838
7845
7854
7861
7871
8772
7880
7882
7884
7906
7908
7909
8607
7914
7916
7917
7931
7933
7943
7956
7958
7959
7960
7963
7980
7982
7988
7995
8012
8016
8033
8042
8045
8053
8064
8081
8466
515
8088
8092
8145
8161
8165
8173
8186
9685
8192
8193
8214
8220
8233
8235
8239
8271
6362
8279
8294
8306
8319
8334
8348
8357
8376
8417
1838
8433
8437
8444
8473
8477
8491
8504
8513
8521
8522
8531
8539
8540
8542
8561
8564
8590
8591
8606
8624
9906
8631
8633
8646
6127
7317
8654
8655
8656
8676
8698
8702
8708
8726
8731
8737
8745
8750
8756
8761
8776
8785
6946
8795
8805
8824
8834
8852
8856
8880
8882
8899
8904
8906
8944
8963
8488
8965
8966
8979
8981
8985
8999
9007
9009
9021
9035
9042
9057
9857
9063
9066
9074
9084
9094
9103
9106
9113
9129
9145
9152
9154
9160
9163
2394
9209
9211
9212
9239
9249
9253
9262
9279
9283
9300
4006
9306
9313
9349
9373
9405
9411
9413
9420
9421
9452
9457
9460
3023
9464
1234
4295
9507
9513
9540
9555
9597
9625
6106
9626
9631
9643
9662
9663
1096
9667
9669
6010
9678
9680
9687
9689
9698
9713
9719
9741
9744
9752
9763
9781
9786
9787
4021
7338
9789
9797
9799
9816
9833
9840
9842
9863
9865
9889
9896
9970
9901
9904
9912
9917
9918
9938
9960
9987
9988
5
2815
13
16
19
96
120
173
203
225
246
8317
273
2372
5081
309
354
372
378
2162
507
1655
963
538
541
544
548
581
606
617
663
725
733
5576
740
783
790
3121
794
816
823
840
846
880
910
947
948
987
989
992
993
1007
1009
1019
1024
1054
1063
1077
3140
1083
1088
1134
1157
1172
1254
1265
1280
1281
1295
1319
1333
1335
1379
1392
1400
1411
1425
1474
1490
1494
1496
1531
1549
1566
1602
1663
1679
1099
1729
1742
1772
1784
1797
1817
1820
1827
1839
1842
1940
1963
1967
998
1994
2029
5782
2066
2074
2091
2157
2159
5652
2215
2218
2252
2276
2284
2289
2308
2337
5778
2338
2376
2405
2420
2451
2464
2541
2542
2543
2546
2566
2584
2599
2649
2656
2665
2683
8565
2693
8935
2706
2717
2749
2825
4923
2838
2852
2872
2874
2877
2888
2896
2925
2944
2949
2951
2952
2977
6083
2985
2993
3027
3037
3061
3074
1240
3122
3139
3177
3233
3252
3265
3270
3350
9375
7551
3353
3398
3405
3439
3441
3465
3470
236
5903
3488
3520
6082
3573
3585
3642
3658
3673
3680
3695
3737
3739
9229
3781
3787
3805
3831
3893
3902
3925
621
3968
7450
3987
3998
4005
4034
4051
4091
4126
4173
4179
9810
4194
4197
4228
4231
4264
4271
4283
4290
4423
4435
4472
4478
4484
4550
4557
4566
4570
4572
4573
4602
4606
4617
4685
4697
4733
4743
4787
4789
4803
4813
4818
4838
4871
4980
4992
5006
5017
5019
5021
5041
5049
5050
5062
5086
5088
5106
5140
9429
5155
5174
3296
5240
5265
5267
5275
5330
5351
9217
5358
5378
8396
5391
5432
5435
5444
5447
5454
8669
5478
5499
2221
5536
5575
5583
5596
5624
5631
5633
5649
5655
5686
5738
5746
5788
8261
5835
5842
5870
6065
5878
5897
5945
5968
5971
5983
6018
6053
6019
6037
6046
6084
6097
6118
6126
6177
8129
6186
6200
6206
6420
6458
6513
6523
6537
6539
6573
6580
6595
6599
6609
6641
6673
6710
6734
6750
6781
6783
6799
9716
6824
6827
6844
6855
6923
6927
3366
6969
6972
7001
7009
7034
7045
7054
7069
7074
7113
8618
7165
7583
7202
7204
7216
7217
7221
7241
7243
7249
234
7255
7273
2791
7278
7279
7321
7340
7368
7436
7451
7455
7467
7472
7522
7537
7549
7591
7609
7613
7617
7631
7722
2481
7726
1924
7735
7754
7781
7822
7872
7876
7877
7915
7934
7941
7942
7951
7957
2413
7968
8020
8021
8035
8037
8068
8069
8077
8079
8086
8568
8126
8158
8159
8160
8201
8206
9039
8287
8312
8342
8392
8407
8435
8452
8457
8463
8471
8492
8495
8523
8530
8534
8569
8592
8593
8622
8628
8711
8724
8759
8763
8768
8778
8790
8837
4967
8851
8881
8897
8907
8928
8937
8939
8967
9282
9015
9030
9287
9044
9073
9099
9123
9124
9134
9140
9174
9192
9236
9238
9267
9312
9314
9347
9354
9438
9442
9450
9455
9461
9500
9502
9520
9546
9556
9565
9639
9640
9672
9711
5791
9714
9762
9792
9836
9849
3211
9866
9877
9907
9913
9926
9952
9954
9986
81
307
421
471
477
480
523
667
690
714
721
726
808
1089
1243
1294
1297
1305
1366
1440
1459
1475
1522
1529
1556
1665
1722
6413
1777
1804
1982
2033
2103
2171
2176
2180
4734
2235
2240
2290
2320
4987
2343
2403
2412
2418
2556
2771
2822
2847
2921
3062
3063
3099
3100
3174
3226
3247
3347
5510
3349
3387
3453
3503
3586
3664
3813
3859
3914
3918
3978
3999
4014
4030
381
4200
4338
4434
4475
4524
4568
4598
4686
4696
4764
4939
4951
4966
5027
5039
5076
5078
5103
5122
5206
5244
5268
9709
1029
5336
5362
5407
5421
5446
5481
5566
5640
5692
5722
5749
5759
5929
5939
5951
5960
5999
6006
6054
6101
6109
6115
6166
6286
6297
6309
6315
6548
6557
6639
6663
6715
6769
6852
6873
6885
7021
7025
7047
7048
7109
7151
7287
7293
7307
7397
7427
7456
7471
7481
7574
7575
7584
7698
7705
7992
8025
8044
8076
8170
8177
8184
8301
8413
8430
8438
8440
8597
8625
8858
8871
8886
8991
9005
9079
9081
9091
9147
9191
9193
9296
9326
9416
9430
9497
9549
9637
9739
9935
9956
9981
9983
229
349
453
461
468
560
614
781
867
1233
1291
1539
1646
2109
2455
2557
2622
2652
2694
3081
2876
3142
3240
3433
3468
3508
3632
3700
3755
3797
3824
3845
3931
3991
4067
4120
4122
4314
4344
4521
4684
5061
5177
5262
5313
5405
5647
5700
5809
5856
6081
6130
6211
6324
6400
6472
6541
6752
6882
7037
7453
8352
8441
8455
8559
8647
8788
8898
9334
9534
9557
9562
9583
9979
73
426
432
3448
3607
3880
3909
4317
4402
5996
6274
6606
6957
7108
7179
8443
8836
8925
8953
9207
9233
4355
8132
8583
3748
