3787500
18
71
93
100
115
118
120
84
183
195
210
227
245
250
255
256
262
272
312
348
349
454
470
481
524
569
582
590
597
603
631
633
651
653
659
678
718
722
753
756
779
780
781
868
896
918
926
945
951
954
992
1005
1018
1034
1044
1046
1141
8139
1151
1160
1180
6000
1256
1258
1268
1286
1306
1308
1312
1317
1321
1322
1345
1366
1377
1434
1459
1469
1476
1502
1525
1547
1552
1560
1574
1623
1648
1730
1738
1742
1777
1639
1811
1847
1856
1858
1865
1913
1940
1941
1949
1959
1968
1971
1985
1986
1991
2006
2033
2086
2092
2099
2108
2170
2194
2207
2247
2267
2314
2349
2357
2376
2421
2425
2469
2471
2475
2488
2525
2557
2560
2605
2613
2680
2744
2829
2843
2845
2855
2880
2884
2900
2903
2930
2935
2974
3008
3047
3058
3067
3070
3086
3112
3140
3148
3172
3196
3198
3203
3217
3228
3287
3290
3366
3370
3392
3471
3521
3539
3550
3572
3597
3609
3627
3637
3643
3645
3739
3740
3743
3752
3757
3779
3835
3866
3915
3930
3933
3937
3945
3949
3950
3997
4029
4032
4037
4066
4096
4107
4152
4156
4163
4183
4219
4225
4285
4287
4325
4355
4362
4375
4381
4389
4404
4443
4486
4521
4522
4530
4540
4563
4574
4606
4683
4707
4714
4733
9745
4756
4799
4826
4842
4852
4869
4918
4946
4958
4977
4987
4988
5006
5070
5075
5109
5110
5130
5135
5137
5169
5199
5227
5254
5257
5281
5293
5385
5390
5391
5415
5419
5444
5449
5468
5496
5518
5531
5556
5584
5667
5719
5720
5745
5755
5756
5765
5775
5794
2228
5801
5802
5803
5838
5895
5897
5940
5958
5978
5985
5993
6007
6008
6011
6042
6066
6092
6105
6131
6141
6183
1247
6230
6231
6262
6314
6376
6394
6458
6501
6517
6532
6551
6628
6633
6635
6679
6692
6696
6713
6714
6719
6751
6776
6791
6805
6847
6867
6913
6936
6942
6944
6957
6978
7003
7007
7008
7034
7052
7055
7072
7083
7084
7093
7102
7106
7113
3191
7149
7160
7167
7171
7176
7194
7214
7250
7261
7267
7295
7327
7343
7364
7387
7392
7443
7471
7478
7503
7514
1152
7516
7575
7578
7602
7628
7635
7638
7646
7688
7690
7696
7701
7706
7752
7757
7793
7804
7808
7830
7842
7863
7916
7924
7931
7992
7996
8019
8027
8038
8049
8051
8058
8068
8080
8108
8115
8142
8143
8150
8152
8177
8182
8184
8228
8246
8266
8288
8295
8305
8365
8376
8421
8458
8469
8478
8498
8525
8601
8620
8635
8654
8691
8696
8707
8710
8712
8725
8787
8805
8806
8819
8821
8873
8952
8988
9000
9009
9016
9021
9036
73
9071
9159
9174
9176
9184
9206
9221
9241
9250
9288
9330
9335
9349
9350
9366
9372
9374
9377
9391
9418
9420
9455
9467
9469
9483
9527
9553
9558
9582
9589
9634
1389
9655
9669
9681
9686
9701
9725
9835
9855
9857
9869
9875
9907
9912
9916
9949
9966
10000
11
14
16
22
27
28
33
34
35
37
59
62
63
65
80
107
114
138
140
165
173
192
193
194
202
204
209
213
216
218
222
236
238
254
258
260
263
264
279
284
286
293
297
303
304
329
333
347
355
366
374
385
401
405
417
418
422
432
469
474
3695
476
478
493
498
500
517
527
531
553
562
576
586
587
593
599
615
618
621
625
634
644
646
661
662
664
665
676
680
688
694
701
705
706
717
720
727
728
730
741
751
767
772
778
790
794
806
813
818
822
838
839
845
859
863
873
880
881
893
898
902
908
910
915
923
925
929
957
965
966
969
3912
972
974
976
986
994
998
1006
1007
1008
1010
1012
1016
1038
5631
1043
1048
1065
1068
1072
1076
1077
1080
1094
1108
1121
1131
1147
1167
1175
1177
1179
1182
1194
1206
1214
1217
1220
1225
1242
1244
1245
4510
1251
1253
1254
1259
1263
1273
1295
1297
1299
1300
1315
1316
1320
1327
1330
1331
1337
1338
1359
1371
1376
1381
1386
1393
1398
1400
1402
1407
1430
1431
1450
1451
1455
1462
1463
1468
1474
1478
1487
1503
1510
1515
1520
1556
1559
1562
1564
1565
1569
1572
1575
1579
1583
1598
1600
1602
1607
1612
1617
1620
1628
1632
1637
1663
1670
1686
1687
1688
1699
1707
1728
1734
1750
1754
1759
1769
1770
1774
1783
1808
1810
1814
1816
1820
1841
1842
1846
1852
1861
1866
1867
1869
1872
1876
1882
1889
1897
1911
1923
1925
1933
1946
1956
1960
1965
1974
1983
4919
1987
1990
1995
1997
2008
2011
2017
2035
2043
2050
2054
2055
2056
2060
2061
2077
2079
2105
2111
2126
2135
2136
2138
2149
2152
2165
2173
2178
2184
2190
2193
2208
2210
2214
2236
2240
2253
2255
2257
2258
2266
2269
2272
2277
2286
2295
2300
2303
2305
2318
2319
2333
2336
2340
2350
2353
2367
2382
2388
2390
2394
2395
2397
2404
2405
2415
2416
2419
2432
2448
2450
2454
2465
2479
2487
2927
2495
2512
2514
2519
2536
2554
3190
2555
2579
2580
2581
2585
2592
2599
2607
2608
2617
2620
2629
2634
2638
2639
2648
2658
2668
2672
2679
2682
2684
4286
2688
2696
2714
2716
2720
2727
2730
2748
2763
2768
2780
2789
2798
2818
2820
2826
2830
2838
2842
2847
2851
2858
2869
2870
2874
2877
2878
2905
2906
2907
2909
2912
2921
2924
2937
2941
2979
2988
3006
3013
3017
3021
3024
3027
3031
3041
3045
3052
3057
3060
3071
3081
3093
3096
3107
7372
3118
3121
3124
3125
3128
3130
3141
3144
3146
3151
3159
3166
7997
3168
3179
3185
3192
3219
3231
3233
3236
3242
3254
3276
3281
3283
3285
3291
3302
3303
3310
3311
3330
3335
3359
3375
3391
3393
3394
3395
3404
3410
3425
3433
3439
3456
3472
3476
3480
3487
3490
3505
3510
3511
3512
3526
3531
3536
3540
3564
3566
3575
3594
3601
3621
3624
3629
3644
3648
5944
3649
3659
3666
3670
3673
3677
3679
3689
3692
3705
3720
3733
3734
3735
3778
3784
3793
3795
3801
3803
3812
6109
3819
3823
3824
3826
3833
3841
3853
3855
3857
3861
3863
3869
3876
3889
3892
3893
3902
3908
3919
3934
3935
3944
3954
6155
3957
3965
3967
3969
3971
3978
3996
3998
4001
4002
4004
4005
4013
4022
4023
4024
8686
4035
4036
4044
4053
4057
4063
4064
4068
4076
4094
4135
4137
4143
4145
4149
4166
4175
4179
4190
4204
5524
4209
4211
4235
4238
5951
4242
4246
4248
4251
4257
4260
4280
4299
4306
4313
4319
4328
4338
4350
4352
4357
7207
4360
4364
4367
4370
4373
4394
4398
4399
4406
4409
4411
4413
4423
4436
4439
4444
4445
4455
4474
4475
4476
4485
4487
4493
4504
4508
4512
4518
4538
4544
4550
4566
4577
4580
4596
4597
4600
4601
4610
4614
4618
4622
4626
4627
4631
4637
4640
4641
4656
4661
4662
4674
4675
4680
4682
4686
4703
4704
4705
6985
4712
4713
4724
9154
4727
4737
4748
4752
8024
4755
4770
4773
4783
4785
4790
4792
4793
8551
4809
4815
4817
4819
4830
4835
4847
4856
4858
4859
4860
4866
6848
4868
4871
4882
4883
4888
4890
4892
4906
4907
4909
4912
4921
4933
4934
4940
4950
4955
4957
4959
4960
4965
4972
4975
4981
4982
5002
5016
5017
5027
5030
5048
5050
5051
5053
9476
5059
5073
5090
5096
5115
5116
5125
5133
5136
5143
5146
5147
5152
5153
5167
5176
5190
5200
5201
5225
5233
5236
5239
5245
5270
5275
5279
5280
5307
5309
5322
5324
5338
5344
5350
5351
5355
5356
5357
5360
5375
5376
5380
5383
5384
5389
5398
5403
5421
5422
5423
5424
5426
5434
5435
5439
5460
5461
5478
5490
5494
5495
5504
5505
5508
5509
5511
5512
5513
5517
5520
5538
5544
5550
5554
5555
5563
5574
5585
5587
5597
5606
9506
6383
5610
5622
5630
5638
5648
5649
5655
5657
5660
5661
5665
5671
5685
5691
5692
5696
5700
5702
5712
9163
5735
5737
5742
5762
5764
5769
5770
5771
5773
5776
5800
5805
5807
5809
5815
5824
5844
5858
5861
5864
5873
5881
5884
5894
5899
5901
5904
5909
5910
5914
5931
5947
5949
5954
5956
5965
5966
5968
5974
5980
5982
5990
5992
6019
6026
6036
6038
6043
6044
6045
6052
6069
6077
6083
6084
6089
7797
6090
6094
6104
6112
6120
6126
6130
6133
6146
6148
6165
6181
6229
6237
6243
6252
6255
6256
6258
6260
6261
6269
6282
6288
6297
6299
6309
7185
6311
6326
6329
6335
6351
6354
6355
6379
6380
6381
6382
6384
6395
9116
6404
6407
6421
6429
6467
6489
6500
6515
6523
6535
6537
6539
6552
6554
6566
6608
6610
6619
6620
6625
6630
6646
6666
6670
6676
6677
6684
6685
6697
6705
6708
6710
6715
6722
6724
6728
6730
9474
6750
6762
6764
6770
6771
6785
6786
6788
6793
6794
6796
6808
6827
6835
6850
6853
6859
6862
6876
573
6879
6881
6887
6905
6921
6940
6945
6953
6958
483
6961
7002
7004
7011
7013
7014
7015
7020
904
7028
7030
7035
7045
7048
7056
7058
7059
7060
7067
7086
7094
7096
7101
7152
7155
7156
7164
7168
7182
7202
7203
7219
7224
7232
7233
7238
7248
7254
7271
7273
7275
7278
7282
7300
7301
7303
7305
7307
7308
7311
7318
7319
7323
7326
7328
7332
7351
7362
7365
7375
7395
9538
7403
7409
7414
7416
7429
7431
7435
7452
7453
7456
7457
7459
7491
7495
7501
7507
7515
7520
7522
7528
7552
7562
7573
7586
7589
7592
7597
7613
7640
7649
7650
7652
7667
7675
7689
7704
7712
7715
7725
7726
7730
7731
7734
7741
7742
7744
7750
7769
7791
7794
7799
7803
7814
7835
7850
7852
7856
7868
7877
7879
7892
7897
7899
7903
7906
7919
7925
7928
7934
7941
7948
7951
7952
7962
7968
7969
7989
8002
8003
8009
8016
8018
8021
8026
8033
8040
8044
8046
8056
8060
8063
8064
8067
8070
8079
8095
8100
8114
8119
8128
8148
8178
8186
8196
8207
8213
8237
8245
8254
8255
8256
8285
8292
8299
8301
8302
8306
8311
8315
8317
8319
8325
8330
8334
8335
8337
8344
8346
8351
8359
8364
8366
8374
8377
8379
8380
8383
8393
8408
8412
8426
8428
8432
8433
8473
8486
8491
8501
8507
8513
8521
8533
8565
8567
8577
864
8578
8587
8590
8599
8603
8614
8621
8636
8646
8647
8652
8668
8690
8708
8718
8737
8751
8758
8760
8780
8791
8797
8800
8815
8818
8829
8830
8832
8837
8851
8858
8861
8862
8863
8878
8886
8895
8896
8898
8902
8906
8911
8913
8931
8934
8935
8940
8947
8951
8974
8977
8979
8983
8985
8994
8995
8999
9003
9005
9006
9013
9014
9017
9019
9030
9043
9048
9055
9057
9067
9079
9101
9103
9119
9123
9130
9139
357
9142
9144
9145
9147
9160
9165
9168
9170
9171
9192
9194
9205
9208
9211
302
9223
9224
9239
9246
9254
9255
9266
9267
9270
9278
9284
9286
9291
9294
9307
9314
9317
9319
9343
9345
9362
9371
9378
9388
9390
9392
9395
9399
9402
9405
9411
9437
9439
9442
9444
9462
9497
9498
9504
9505
9508
9519
9529
9534
9539
9541
9543
9544
9546
9547
9551
9563
9574
9578
9590
9592
9598
9602
9615
9617
9623
9631
9637
9638
9641
9653
9657
9661
9665
9666
9668
9673
9690
9693
9696
9713
9726
9731
9732
9738
9747
9767
9768
9769
9777
9786
9787
9798
9809
9813
9814
9815
2436
9816
9825
9842
9844
9847
9854
9871
9882
9895
9898
9900
9906
9920
9933
9947
9955
9956
9967
9980
9989
9992
9997
4
5
6
15
19
21
25
26
30
32
36
39
41
43
52
53
67
70
81
83
97
102
103
104
105
122
126
129
130
131
136
139
141
143
145
148
150
153
157
160
163
172
174
175
176
178
182
187
190
196
809
206
208
217
226
230
231
232
235
239
242
244
246
261
268
273
281
835
282
283
287
289
291
295
305
307
313
325
332
335
342
343
344
350
352
360
364
1241
367
368
369
375
378
379
382
383
384
389
390
392
400
419
426
428
440
445
447
451
456
457
466
473
480
489
504
511
523
530
533
535
538
539
543
552
554
557
560
561
564
566
572
579
583
585
588
589
591
595
604
611
617
619
623
624
636
637
641
642
647
649
652
656
657
663
691
692
707
712
716
723
726
729
734
735
738
752
757
758
759
769
774
777
785
791
793
795
797
803
804
812
824
827
3182
829
830
832
833
836
840
844
846
849
853
884
888
889
891
892
899
900
914
916
920
3830
924
928
930
935
941
944
949
958
960
963
967
968
973
975
988
990
991
993
1002
1009
1011
1019
1022
1026
1031
1035
1039
1041
1054
1059
1060
3501
1071
1079
1081
1082
1088
1091
1095
1096
1098
1105
1106
1114
1123
1124
1133
4132
1138
1139
1149
1150
1154
1166
1168
2752
1169
1181
1185
1189
1190
1191
1192
1196
1199
1200
1208
1221
1226
1227
1228
1231
1232
1235
1236
1237
1249
1250
1252
1257
1260
1261
1264
1265
1266
1270
1271
1274
1277
1278
1281
1282
1287
1288
1290
1296
1298
1301
1302
1310
1323
1332
1339
1340
1342
1343
1346
3767
1350
1355
1357
1363
1367
1368
1372
3873
1387
1391
1392
1396
1401
1414
1415
1424
1426
1432
1448
1454
1457
1465
1470
1475
1480
1483
1485
1494
1504
1507
1519
1527
1529
1530
1531
1532
1534
1535
1539
1540
1542
1548
1549
1550
1553
1578
1582
1585
1587
1589
1590
1592
1594
1610
1613
1614
1615
1618
1633
1635
1641
1643
1646
1653
1654
1656
1658
1673
1676
1680
1681
1689
1691
1697
1708
1712
1713
1718
1719
1721
1722
1724
1740
1747
1749
1752
1758
1760
1762
1764
1775
1790
1792
1793
1794
1799
1800
1807
1818
1821
1828
1829
1849
1853
1864
1874
1875
1885
1888
1891
1892
1896
1901
1903
1912
1916
1920
1926
1942
1943
1945
1947
1963
2857
1964
1977
1979
1981
1984
1988
2000
2003
2007
2009
2013
2018
2038
2039
2046
2049
2052
2065
2069
2081
2082
2083
2090
3158
2097
2098
2101
2104
2117
2119
2131
2155
2161
2163
2164
2169
2174
2175
2185
2186
2187
2188
2198
2209
2216
2217
2219
2220
2222
2223
2231
2232
2244
2245
2248
2256
2480
2268
2274
2281
2283
2285
2296
2307
4647
2308
2309
2311
2316
2326
2329
2341
2342
2343
2355
2362
2368
2371
2373
2374
2375
2377
2379
2380
2381
2384
2392
2402
2406
2423
2426
2428
2434
2438
2453
2455
2456
2460
2462
2463
2464
2468
2474
2477
2482
2485
2486
2497
2506
2511
2520
2524
2526
2527
2531
2539
2542
2543
2550
2552
2556
2559
2561
2563
2566
2570
2571
2574
2576
2577
2578
2586
2587
2588
2593
2595
2597
2600
2601
2604
2615
2625
2628
2630
2632
2635
2636
2642
2644
2645
2652
2788
2653
2654
2660
2661
2662
2670
2675
2685
2686
2690
2692
2700
2707
2719
2723
2732
2733
2736
2737
2738
2742
2756
2759
2767
2769
2775
2783
2786
2790
2791
2792
2794
2806
2808
2810
2812
2823
2824
2827
2833
2836
2839
2844
2850
2853
2861
2862
2865
2868
2871
2875
2882
2887
2893
2901
2902
2904
2911
2920
2922
2932
2940
2943
2946
2949
2951
2958
2960
2965
2967
2970
2973
6040
2982
2987
2990
2993
3000
3001
3014
3016
3018
3020
3026
3034
3044
3051
3053
3066
3068
3069
3074
3076
3077
3078
3080
3082
3085
3095
3097
3098
3101
3105
3106
3109
3110
3126
3132
3133
3134
3135
3136
3137
3139
3150
3152
3153
3155
3160
3165
3167
3175
3176
3177
3178
3184
3187
3195
3197
3200
3207
3208
3209
3210
3211
3220
3224
3226
3243
3246
3248
3252
3253
3256
3258
3261
3266
3275
3278
3289
3292
3297
3307
3313
3318
3324
3331
3336
3341
3343
3344
3347
3348
3349
3350
3354
3356
3364
3372
3376
3378
3382
3383
3390
3396
3401
3403
3408
3412
3416
3424
3428
3431
3436
3438
3440
3447
3448
3459
3461
3465
3470
3475
3477
3486
3502
3504
3516
3517
3518
3519
3520
3525
3527
3537
3543
3545
3546
3548
5977
3552
3553
3554
3556
3560
6082
3563
3567
3573
3574
3581
3583
6059
3587
3589
3590
3596
3606
3620
3626
3632
3640
3641
3651
3653
3656
3658
3662
3675
3676
3680
3682
3683
3687
3691
3693
3697
5620
3699
3701
3708
3710
3711
3712
3713
3715
3718
3719
3721
3722
3730
3736
3738
3744
3748
3755
3761
3766
3780
3781
3796
3798
3807
3820
3827
3831
3834
3837
3844
3845
3848
3852
3854
3864
3875
3879
3880
3886
3890
3894
3895
3897
3901
3911
3917
3918
3922
3927
3928
3931
3951
3952
3955
3960
3970
3973
3979
3983
3985
3987
3993
3995
4000
4003
6662
4009
4012
4019
4025
4042
4047
4051
4055
4061
4062
4071
4080
4081
4083
4086
4091
4100
4105
4110
4117
5235
4120
4124
4134
4136
4138
4144
4146
4148
4157
4158
4159
4161
4164
4167
4169
4177
4189
4191
7043
4192
4196
4201
4205
4215
4222
4227
4230
4239
4254
4255
4258
4259
4261
4266
4282
4284
4291
4292
4293
4295
4296
4300
4301
4303
5695
4308
4310
4316
4320
4326
4327
4330
4336
4346
4351
4354
4359
4366
4371
4374
4376
4377
5987
4379
4380
4391
4396
4417
4418
4420
4422
4424
4427
4430
4446
4450
4459
4462
4464
4465
4466
4467
4470
4471
4473
4477
4479
4488
4490
4496
4497
4505
4506
4513
4514
4516
4520
4523
4528
4535
4543
4552
4554
4557
4560
4569
4571
4572
4576
4586
4603
4608
4609
4617
4623
4629
4630
4633
4635
4636
4648
4652
4655
4659
4660
4676
6273
6399
4677
4679
4687
4689
4693
4694
4695
4697
4698
4700
4702
4708
4716
4719
4720
4728
4730
4734
4735
4736
4742
4753
4754
4757
4763
4768
4769
4771
4778
4779
4780
4786
4787
4788
4789
6645
4794
4796
4805
4811
4832
4839
4840
4845
4846
4855
4861
4874
4875
4876
4877
4894
4895
5853
4898
4903
4904
4915
4916
4925
4937
4948
4954
4964
4966
4970
4978
4979
4980
4992
4993
4994
5000
5005
5007
5019
5020
5021
5023
5025
5026
5028
5037
5046
5047
5052
5055
5056
5061
5063
5065
5067
5078
5083
5086
5098
5100
5102
5104
5108
5112
5128
5145
5149
5156
5158
5160
5165
5177
5181
5184
5187
5192
5193
5204
7686
5206
5217
5223
5229
5230
5231
5234
5240
5241
5246
5248
5252
5253
5260
5261
5262
5264
5266
5267
5271
5272
5282
5288
5289
5292
5295
5297
5298
5306
5308
5312
5315
5323
5329
5332
5339
5340
5345
5354
5849
5358
5361
5362
5368
5372
5373
5378
5382
5392
5393
5399
5404
5405
5406
5409
5412
5414
7541
5417
5425
5433
5438
5446
5453
5458
5471
5474
5483
5487
5493
5500
5514
5528
5529
5532
5533
5546
5548
5557
5558
5564
5579
5589
5590
5591
5594
5595
5598
5600
5601
7418
5602
5605
5612
5613
5618
5619
5624
5626
5628
5635
5637
5640
5652
5653
5654
5669
5670
5673
5680
5684
5689
5693
5699
5705
5709
5711
5713
5714
5717
6211
5729
5730
5738
5741
5751
5774
5780
5785
5793
5799
5808
5811
5816
5818
5821
5822
5827
5831
5834
5836
5837
5840
5847
5848
5851
5859
5862
5863
5866
5869
5871
5876
5879
5880
5883
5885
5898
5900
5907
5925
5927
5932
5953
5962
5967
5969
5971
7978
5983
6004
6006
6010
6012
6014
6016
6021
6023
6024
6028
6037
6041
6057
6065
6067
6068
6076
6080
6085
6088
6099
6100
6102
6113
6123
6124
6125
6132
6139
6149
6156
6159
6163
6168
6173
6179
6185
6186
6196
6197
6199
6203
6204
6208
6209
6210
6215
6218
6220
6221
6223
6232
6238
6244
6248
6253
6254
6257
6271
6274
6275
6277
6280
6284
6287
6291
6293
6305
6310
6312
6315
6319
6321
6322
6323
6328
6336
6338
6340
6342
6349
6357
6358
6362
6370
6377
6386
6390
6391
6393
6402
6409
6410
6411
6412
6413
9056
6415
6422
6423
6430
6432
6441
6442
6445
6446
6447
6448
6450
6453
6454
6457
6469
6472
6475
6476
6480
6481
6488
6494
6497
6504
6505
6506
6509
6519
6521
6522
6525
6526
6533
6538
6543
6555
6559
6560
6561
6570
6571
6573
6582
6586
6594
6599
6604
6605
6607
6615
6622
6624
6631
6638
6642
6649
6650
6651
6655
6656
6659
6660
6663
6665
6669
6672
6673
6675
6680
6681
6698
6703
6707
6712
6720
6727
6741
6746
6748
6753
6755
6757
6760
6766
6767
6769
6774
6779
6781
6784
6787
6800
6801
6803
6804
6820
6822
6826
6829
6831
6834
6836
6842
6846
6855
6858
6863
6865
6871
6872
6880
6885
6892
6893
6895
8644
6896
6898
6899
6904
6906
6909
6910
6912
6927
6933
6937
8891
6948
6950
6955
6962
6967
6969
6989
6990
6992
6996
6998
6999
7001
8199
7016
7019
7026
7031
7036
7039
7040
7044
7049
7053
7061
7064
7065
7068
7069
9113
7079
7080
7081
7107
7112
7115
7116
7119
7129
7130
7131
7134
7140
7147
7150
7151
8011
7153
7154
7166
7179
7184
7187
7189
7191
7192
7204
7209
7210
7212
7213
7215
7217
7218
8552
7222
7225
7230
7236
7239
7241
7243
7245
7255
7257
7260
7272
7274
7276
7277
7283
7293
7294
7296
7312
7333
7335
7337
7345
7348
7358
7363
7366
7377
7378
7383
7384
7399
9899
7401
7402
7408
7410
7412
7423
7424
7434
7437
9969
7450
7472
7474
7481
7483
7484
7485
7486
7492
7493
7500
7517
7535
7540
7542
7546
7548
7553
7557
7565
7570
7571
7574
7576
7579
7581
9426
7587
7588
7590
7591
7598
7604
7608
7610
7618
7620
7621
7625
7642
7643
7644
7653
7658
7662
7663
7664
7666
7670
7673
7679
7685
7692
7699
7708
7711
7718
7721
266
7727
7728
7729
7735
7736
7740
7747
7749
7762
7767
7780
7784
7788
7795
7805
7807
8468
7809
9299
7810
7816
7817
7819
7820
7822
936
7823
7824
7825
7828
7833
7839
7841
7844
7845
7846
7849
7855
7857
7860
7862
7866
7869
7871
7873
7884
7889
7893
7895
7896
7901
7910
7911
7912
7915
7918
7920
7921
7923
7926
7927
7935
7937
7944
7945
7947
7950
7955
7959
7973
7975
7980
7987
7993
7994
8006
8007
8013
8022
8023
8028
8032
8039
8055
8066
8074
8081
8085
8086
8089
8091
8097
8099
8106
8107
8109
8112
8116
8117
8118
8123
8124
8130
8131
8132
8138
8145
8151
8155
8156
8157
8159
8162
8163
8165
8169
8179
8191
8209
8211
8216
8217
8218
8219
8222
8243
8250
9724
8253
8258
513
8263
8269
8276
8277
8279
8284
8294
8297
8298
8300
8303
8309
8323
8332
8336
8341
8349
8354
8355
8361
8370
8373
8375
8382
8389
8390
8392
8395
8399
8400
8409
8410
8416
8419
8431
8441
8446
8453
8455
8456
8463
8466
8470
8490
8494
8500
8505
8508
8511
8519
8522
8524
8540
8543
8553
8555
8557
8560
8570
8572
8580
8846
8589
8591
8595
8598
9679
1662
8602
8609
8626
8627
8628
8633
8634
8638
8643
8645
8649
8656
8660
8662
8673
8677
8678
1452
8679
8681
8715
8716
8721
8730
8733
8735
8738
8739
8741
8743
8744
8748
8749
8753
8756
8761
8765
9620
8770
8771
8772
8773
8775
8781
8783
8785
8788
8794
8798
8801
8803
8810
8813
8814
8817
8824
8828
8831
8836
8839
8841
8847
8848
8850
8854
8855
8857
8860
8866
8867
8868
8871
8889
8890
8892
8893
8894
8901
8904
8907
8909
8921
8923
8924
8938
8943
8946
8955
8956
8960
8963
8964
8970
8976
8981
8986
8987
8993
8996
9002
9008
9011
9026
9028
9034
9039
9045
9046
9060
9064
9077
9078
9084
9085
9086
9089
9090
9093
9108
9112
9118
9131
9136
9137
9152
9161
9164
9169
9180
9182
9200
9204
9212
9216
9228
9236
9237
9775
9238
9240
9244
9248
9260
9261
9263
9268
9281
9285
9289
9293
9303
9304
9306
9308
9315
9318
9328
9333
9352
9363
9364
9367
9368
9370
9373
9384
1756
9394
9397
9401
9404
9410
9414
9419
9423
9433
9435
9436
9448
9450
9451
9471
9478
9481
9485
9512
9514
9518
9522
9523
9531
9545
9548
9559
9560
9562
9566
9572
9576
9583
9593
9594
9597
9599
1709
9601
9604
9610
9616
9622
9624
9625
9627
9639
9642
9646
9649
9650
9658
9660
9664
9667
9685
9694
9699
9702
9704
9705
9707
9709
9715
9734
9735
9737
9748
9755
9756
9758
9760
9765
9773
9776
9779
9780
9783
9788
9789
9790
9803
9804
9812
9818
9819
9820
9821
9823
9828
9836
9837
9838
9841
9848
9851
9852
9853
9856
9862
9865
9872
253
9874
9879
9884
9888
9891
9893
9894
9909
9922
9936
9937
9938
9939
9940
9941
9942
9945
9950
9951
9952
9957
9962
9970
9971
9972
9973
9978
9979
9981
9983
9986
9988
9993
9994
9998
1
10
13
20
24
38
40
42
51
57
64
66
69
74
77
82
85
89
92
94
95
101
106
110
112
113
119
128
133
135
142
151
152
158
161
167
169
170
171
177
181
184
197
199
201
205
212
214
219
223
228
229
248
257
271
274
275
277
280
288
300
309
310
314
317
318
322
327
334
336
337
338
345
351
358
359
361
365
370
373
376
766
377
393
394
395
399
409
415
416
420
423
435
436
438
448
453
455
459
460
465
477
482
3090
484
486
488
495
496
502
503
515
520
521
522
526
528
529
534
537
541
546
548
549
550
551
555
558
563
565
568
577
578
592
605
608
612
620
626
628
629
632
639
640
643
648
654
655
658
670
673
677
679
681
683
686
687
689
693
700
1860
702
703
708
711
721
724
732
733
736
737
743
744
745
746
747
749
754
762
763
765
768
771
800
808
810
815
820
821
828
834
841
848
850
855
858
860
867
872
886
1890
906
921
940
943
947
948
955
962
970
977
999
979
980
981
982
987
989
995
3630
996
1004
1013
1014
1015
1020
1021
1023
2945
1024
1027
1028
1029
1030
1032
1042
1049
1051
1052
1056
1061
1063
1066
1069
2391
1074
1083
1085
1093
1099
1107
1109
1111
1120
1125
1126
1130
1134
1135
1137
1143
1145
1146
1148
1153
1155
1156
1157
2225
1158
1159
1162
1170
1171
1176
1186
1195
1198
1204
1209
1210
1212
3887
1215
1216
1219
2042
1223
1224
1234
1246
1248
1255
1269
1272
1283
1284
1285
1291
1293
1294
1303
1304
1307
1309
1313
1319
1324
1325
1326
1335
1348
1351
1352
1361
1362
1364
1369
1374
1379
1380
1388
1390
1397
1399
1404
1406
1408
1409
1417
1419
1422
1423
1425
4030
1438
1444
1445
1446
1460
1461
1472
1481
1482
1488
3011
1496
1497
1500
1511
1517
1522
1523
1528
1538
1541
1544
1545
1555
1557
1561
1563
1567
3282
1576
3040
1577
1580
1584
1601
1603
1604
1608
1611
1619
1622
1625
1627
1631
1634
1642
1644
1649
1651
1652
1659
1661
1666
1667
1668
1671
1674
1675
1679
2822
1682
1684
1694
1701
1703
1705
1706
1710
1717
1727
1731
1744
1746
1748
1751
1755
1757
1766
1767
3706
1768
1776
1782
1784
1786
1787
1788
1789
1795
1796
1797
1803
1805
1817
1822
1824
1825
1839
1843
1859
1862
1877
1878
1879
1881
1883
1894
1899
1904
1907
1914
1915
1917
1918
1922
1924
1931
1932
1935
1944
1951
1952
1957
1958
1967
1972
1976
1989
1998
2002
4059
2016
2022
2023
2024
2025
2027
4203
2032
2037
2044
2045
2053
2057
2059
2062
2063
2072
2078
2084
2085
2088
2094
2096
2106
2113
2120
2122
2127
2128
2129
2134
2143
2148
2151
2153
2156
2157
2158
2159
2167
2168
2171
2181
2183
2191
2192
2196
2197
2199
2204
2233
2360
2234
2242
2249
2251
2254
2259
2261
2271
2275
2276
2278
2279
2293
2298
3062
2302
2306
4967
2312
2313
2315
2321
2322
2330
2331
2335
2337
3515
2338
2346
2351
2352
2363
2365
2386
2403
2408
2409
2410
2412
2417
2420
2422
2424
2437
2734
3268
2440
2445
2446
2452
2457
2458
2459
2461
2476
2483
2490
2491
2493
2494
2498
2500
2501
2502
2503
2509
2510
2523
2537
2540
2548
2564
4361
2565
2567
3059
2568
2569
2575
2582
2589
2591
2596
2598
2602
2603
2609
2610
2614
2621
2624
2626
2627
2633
2640
2641
2651
2657
2659
2663
2664
2666
2667
2677
2683
2691
2694
2698
2699
2703
2705
2708
2713
2717
2724
2729
4881
2740
2746
2753
2754
2755
2757
2758
2764
2772
2773
2774
2778
2781
2782
2785
2795
2796
2801
2805
2809
2819
2821
2831
2835
2849
2867
2885
2886
2889
3684
2897
2898
2899
2913
2918
2923
2925
2926
2931
2933
2934
2936
2938
4162
2942
2950
2954
2955
2956
2957
2961
2964
2966
2968
2972
2980
2981
2985
2992
2999
3004
3007
3015
3022
3023
3030
3032
3091
3038
3039
3043
3048
3050
3054
3056
3063
3075
3094
3100
3103
3108
3113
3115
3120
3123
3127
3129
3131
3138
3147
3149
3154
3157
3163
3169
3170
3173
3174
3188
3194
3201
3206
3212
3214
3222
3229
3230
3234
3240
3241
3250
3251
3262
3264
3270
3271
3273
3274
3277
3284
3286
3293
3294
3299
3308
3321
3326
3328
3329
3332
3337
3338
3358
3371
3374
3388
4989
3389
3397
3402
3413
3419
3420
3421
3427
3434
3435
3437
3442
3444
3445
3449
3452
3454
3455
3458
3460
3466
3467
3478
3479
3481
3482
3485
3488
3489
3492
3493
3495
3497
3499
3503
3506
3507
3509
3523
3530
3535
3557
3561
3578
3582
3584
3588
3591
3592
3598
3599
3600
3605
3608
3613
3616
3618
3623
3633
3638
3647
3652
3657
3661
3665
3667
3681
3685
3686
3696
3698
3700
3702
3707
3714
3716
3723
3725
3728
3729
3731
3742
3749
3750
3751
3759
3762
3769
3770
3773
3774
3776
3777
3782
3786
3792
3794
3802
3805
3810
6658
3813
3816
3817
3839
3840
3842
3843
3849
3859
3860
3862
3870
3872
3877
3881
3884
3891
3899
3900
3903
3905
3916
3920
3926
3940
3941
3942
3946
3947
3948
3956
3963
3964
3966
3974
3976
3980
3981
3982
5310
3990
3994
4011
4015
4016
4651
4017
4018
4034
4040
4041
4160
4043
4048
4054
4056
4060
4065
4074
4077
4078
4084
4085
4087
4090
4102
4103
4106
4108
4112
4113
4116
4122
4125
4130
4131
4139
4142
6466
4150
4155
4182
4185
4188
4195
4197
4198
4202
4208
4210
4212
4213
4217
4221
4224
4226
4229
4234
4237
4240
4241
4244
4250
4253
4256
4263
4265
4268
4269
4270
5331
4273
4277
4281
4290
4297
4298
4304
4305
4311
4315
4322
4331
4333
4334
4337
4340
4341
4343
4344
4348
4356
4358
4365
4368
4369
4384
4392
4402
4407
4412
4415
4419
4421
4434
4435
4438
4447
4451
4454
4456
4460
4461
4469
4478
4481
5014
4482
4483
4491
4500
4503
4507
4509
4519
4527
4533
4534
4545
7564
4553
4555
4558
4559
4562
4564
4567
4581
4584
4585
4593
4598
4602
4607
4611
4615
4624
4638
4639
4643
4646
5033
4657
4658
4663
4667
4668
4669
4670
4685
4690
4692
4699
4709
7270
4710
4711
4717
4718
4729
4731
4739
4740
4744
4745
4746
4747
4751
7596
4759
4760
4761
4765
5725
4766
4775
4781
4782
4800
4804
4806
4810
4813
4818
4825
4829
4833
4836
4844
4848
4849
4854
4863
4865
4867
4878
4880
4886
4889
4891
4899
5872
4902
4908
6408
4910
4914
4917
4922
4924
4927
4928
4929
4945
4952
4953
4971
4984
4990
4995
4996
4998
4999
5001
5011
5013
5015
5341
5024
5029
5031
5035
5039
5044
7287
5045
5058
5064
5069
5071
5079
5080
5087
5091
5095
5097
5103
5114
5118
5120
5121
5131
5138
5148
5154
5159
5162
5164
5166
5172
5182
5475
5185
5186
5188
5189
5196
5205
5211
5212
5214
5215
5218
5219
5221
5237
5238
5243
5250
5256
5263
5268
5273
5276
5283
5286
5287
5290
5291
5299
5301
5304
7929
5313
5316
5325
5326
5328
5330
5337
5342
5718
5343
5346
5348
5349
5365
5366
5367
5370
5377
5379
5396
5418
5428
5441
5442
5443
5447
7265
6241
5450
5451
5459
5462
5466
5467
5473
5476
5477
5479
5481
5486
5488
5489
5491
5497
5503
5506
5515
5516
5521
5522
5525
5530
5534
5540
5545
5547
5549
5551
5552
5559
5560
5562
5567
5569
5570
5573
5575
5578
5581
5586
5592
5603
7195
5608
5614
5621
5627
5632
5636
5645
5646
5650
5651
5656
5658
5659
5662
5663
5664
5668
5674
5675
5676
5679
5698
5703
5707
5721
5722
5723
5727
5736
5743
5744
5748
5752
5753
5758
5767
5768
5772
5778
5781
5782
5787
5788
5789
5795
5820
8727
5823
5825
5826
5828
5839
5842
5843
5845
5850
5855
5867
5868
5870
5875
5877
5882
5886
5887
5888
5891
5893
5908
5912
5913
5916
5917
5918
5919
5920
5921
5926
5928
5930
5933
5936
5937
6917
5939
5941
5950
5952
5961
5963
5964
5970
5975
5979
5981
5988
5995
5996
5997
5999
6002
6015
6020
6027
6030
6046
6047
6049
6060
6063
6064
6070
6074
6079
6087
6093
6101
6106
6110
6111
6119
6122
6128
6135
6136
6137
6138
6140
6142
6147
6151
6153
6158
6164
6169
6172
6175
6176
6177
6180
6191
6193
6194
6201
6205
6206
6212
6263
6213
6224
6227
6228
6235
6236
6240
6247
6251
6267
6268
6289
6290
6295
6296
6300
6301
6303
6304
6306
6307
6316
6320
6324
6327
6330
6332
6339
6341
6343
6511
8384
6344
6345
6359
6361
6364
6365
6368
6369
6372
6373
6387
6389
6392
6397
6406
6414
6417
6418
6420
6425
6426
6431
6434
6435
6439
6451
6459
6462
6465
6468
6471
6473
6474
6478
6483
6485
6492
6493
6498
6503
6508
6510
9024
8774
6512
6518
6528
6544
6545
6553
6556
6557
6562
6564
7802
6567
6578
6583
6588
6589
6590
6592
6593
6595
6600
6603
6614
6616
6621
6627
6629
6636
6641
6644
6654
6667
6683
6686
6691
6693
6700
6706
6711
7554
6721
6723
6725
6726
6731
6732
6733
6734
6742
6743
6752
6756
6758
6765
6768
6772
6773
6789
6790
6810
6795
6815
6816
6817
6821
6825
6833
6838
6840
6841
8204
6844
6845
6861
6866
6869
6875
6877
6882
6886
6897
6901
6908
6914
6919
6924
8657
6925
6930
6931
6932
6934
6935
6938
6947
6951
6964
6970
6975
6976
6981
6982
6983
6986
6994
7000
7005
7021
7221
7022
7025
7029
7033
7041
7042
7046
8915
7051
7054
7062
7063
7071
7073
8534
7075
7076
7078
7082
7090
7095
7098
7108
7117
7118
7124
9739
7126
7128
7136
7137
7141
7142
7143
7146
7157
7158
7159
7169
7174
7186
7196
7205
7206
7226
7234
7244
7247
7249
7251
7258
7262
7266
7268
7269
7279
7281
7286
7289
7290
7304
7314
7315
7320
7330
7341
7354
7355
7357
7359
7367
7368
7374
9355
7380
7382
7385
7393
7404
7405
7413
7436
7446
7463
7466
7467
7470
7476
7487
7488
7489
7497
7504
7508
7513
8676
7518
7519
7524
7527
7536
7539
7543
7550
7551
7555
7556
7558
7559
7566
7568
7580
7582
7594
7601
7606
740
7609
7614
7619
7622
7623
7626
7627
9473
7629
7630
7647
7648
7651
7654
7655
7660
7668
7672
7683
7684
7687
7691
7698
7707
7714
7719
7737
7743
7754
7756
7758
7761
7764
7765
7768
7776
7777
7778
7787
7789
7796
7800
7801
7806
7812
7813
7827
7831
7832
7834
7837
7838
7851
7864
7867
7876
7880
7887
7894
7902
7905
185
7907
7908
9968
7909
7913
7917
7922
7933
7938
7939
7940
7946
7954
7957
7958
7961
7964
7965
7970
7971
7976
7977
7979
7981
7982
7990
7995
7999
8010
8020
8035
8036
8041
8045
8048
8052
8057
8062
9464
8069
8072
8082
8084
8087
8092
8093
8101
8102
8104
8110
8111
8113
8126
8133
8135
8136
8137
8140
9398
8149
8153
8154
8161
8167
8168
8170
9065
8172
8174
8175
8176
8180
8181
8185
8187
8190
8194
8195
8200
8203
8206
8208
8210
8212
8223
9023
8225
8229
8230
8236
8238
9996
8244
8247
8262
8265
8272
8273
8274
8281
8282
8286
8287
8291
8293
8304
8307
8312
8324
8327
8340
8342
8347
8352
8353
8356
8357
8358
8367
8368
8369
8372
8388
8403
8413
8414
8415
8422
8423
8425
8429
8430
8437
8438
8439
8442
8443
8445
8448
8451
8452
8454
8457
8461
8467
8472
8479
8480
8482
8483
8485
8487
8488
8489
805
8496
8497
8499
8517
8518
8523
8527
8530
8531
8535
8538
8541
8542
8545
8547
8554
8562
8563
8566
8569
8575
8581
8582
8584
8593
8597
8606
8608
8615
8616
8625
8631
8632
8641
8651
8659
8663
8665
8667
8670
8671
8675
8685
8692
8693
8701
8711
8713
8714
8717
8720
8724
8728
8731
8732
8736
8742
8766
8782
8784
8786
8793
8795
8799
8809
8826
8827
8835
8840
8842
8844
8849
8864
8865
8870
8872
8874
8876
8879
8881
8884
8885
8888
8897
1533
8910
8912
8917
8918
8920
8922
8926
8928
8929
8937
8942
8944
8949
8958
8961
8967
8969
8978
8984
8989
9001
9007
9012
9018
9020
9025
9027
9032
9038
9041
9047
9049
2731
9050
75
9051
9054
9062
9063
9070
9073
9075
9081
540
9082
9083
9092
9094
9095
9097
9098
1857
2114
9100
9102
9105
9106
9107
9110
9114
9115
9117
9124
9128
9134
9138
9140
9141
9143
9146
9148
9158
9166
9167
9173
9175
9178
9186
9187
9195
9198
9202
2517
9203
9209
9214
180
9217
9220
9227
9229
9232
9242
9245
9251
9252
9253
9257
1640
9258
9262
9264
9265
9271
9273
9276
9277
9280
9282
9283
9287
9295
9297
2048
9298
9302
9305
9309
9312
9313
9316
1695
9321
9327
9332
9348
9351
9353
9383
9385
9408
9415
9417
9422
9425
9427
9434
9443
2766
9446
9449
9452
9846
9453
9454
9457
9458
9460
9468
9472
9477
9479
9480
9490
9491
9493
9495
9496
9500
9502
9503
9511
9513
9520
9537
9540
9555
9557
9561
9568
9569
9571
9573
9577
9579
9580
9581
9584
9591
9595
9596
9603
9605
9607
9611
9618
9619
9626
9800
9635
9644
9647
9652
9654
9656
9659
9662
9663
2854
9671
9672
9675
9678
9682
9683
9684
9691
9692
9714
9718
9719
9720
179
9721
9722
9723
9728
9743
9746
9749
9750
9752
9754
9757
9761
9763
9772
9781
9784
9791
9792
9796
9797
9799
9806
9810
9822
9824
9827
9831
9834
58
9839
9859
9860
9861
9867
9870
9876
9880
9881
9885
9886
9889
9890
9897
9901
9903
9905
9913
9914
9917
9923
9925
9926
9931
9948
9958
9959
9963
9974
9976
1704
9982
9995
2
7
17
79
23
29
44
45
46
49
54
2802
55
68
76
78
87
88
90
91
98
99
109
2087
2673
116
123
132
137
146
156
159
164
168
186
188
189
191
203
3164
221
233
234
249
251
259
265
267
276
290
299
301
308
311
315
319
320
324
326
328
330
339
340
341
362
371
388
402
404
407
2986
412
421
427
433
434
437
443
449
458
461
463
464
472
479
485
491
499
501
506
507
4536
509
516
519
532
2532
544
567
574
575
581
584
594
598
602
4541
606
607
609
613
616
630
650
666
667
682
690
695
698
709
710
731
739
742
748
760
770
775
776
786
787
796
801
802
807
814
816
4433
817
823
825
826
842
847
852
857
861
4449
862
875
883
885
894
897
901
905
912
919
4594
922
931
933
937
938
942
946
952
956
961
1003
1025
1037
1993
1040
1045
1047
1050
1053
1057
1058
1062
1073
1075
1086
1089
1101
1102
1104
3260
1110
1113
1115
1116
1117
1122
1129
1144
1161
1164
1165
1174
1183
1184
1188
1193
1197
1205
1211
1222
1229
1230
1238
1239
1243
1275
1276
1289
1311
1314
1329
1334
1344
1356
1360
1378
1383
1394
1395
1403
1411
1412
1416
1427
1428
1429
1433
1436
1441
1442
1449
1453
1456
1458
1471
1479
1489
1492
1505
1506
1514
4218
1518
1524
1536
1551
1558
1566
1581
1586
1593
1595
1596
1621
1624
1626
1630
1636
1638
1645
1650
1657
1660
1672
1693
1696
1698
1700
1711
1714
1715
1716
1723
1725
1726
1729
1736
1743
1753
1761
1772
1785
1791
1798
1840
1801
1802
1806
1809
1815
1819
1832
3565
1833
1834
1836
1837
4489
1838
1848
1851
1854
1880
3414
1884
1886
1887
1895
1906
1908
1910
1919
1928
1930
1934
1938
1950
4262
1954
1955
1961
1966
1969
4180
1970
5972
1975
1980
1982
1994
2001
2005
2014
2019
2021
2028
2029
2031
2036
2040
2041
2051
2058
2066
2068
2071
2073
2074
2075
2091
2093
2095
2102
2107
2109
2118
2123
2132
2133
2137
2140
2144
2150
2549
2160
2162
2166
2172
2176
3642
2179
2180
2182
2189
2195
2200
2205
2206
2211
2215
2224
2239
2243
2246
4275
2260
2262
2263
2264
2273
2280
2282
2288
2291
2299
2301
2317
2320
2323
2332
2334
2345
2347
2356
2359
2361
2370
5905
2385
2399
5244
2407
2411
2427
2430
2435
2441
5798
2442
2443
2447
6178
2466
2470
2481
2492
2499
2505
2518
2522
2528
2535
2544
2546
2547
2551
2553
2562
2590
2606
2611
2618
2623
2643
2646
2649
2655
2665
5957
2669
2671
2676
2693
2695
3249
2697
2701
2702
2706
2709
3298
2710
2726
2741
2750
2751
2760
2761
2762
2765
3381
2770
2771
2776
2779
2784
3660
2797
2799
2807
2815
2816
2817
2832
2834
2840
2841
2846
2856
2860
5294
2863
2866
2872
2873
2881
2891
2894
2908
2910
2914
2917
2919
2944
2948
2959
2962
2963
2977
2983
2984
4688
2995
2997
3002
3012
3025
3028
3029
3036
7240
3422
3049
3055
6198
3064
3065
3072
6456
3079
3083
4613
3084
6281
3088
3089
3092
3102
3143
3932
3162
3180
3181
3183
3213
5754
3216
3218
3221
3223
3225
3238
3244
3247
3263
3265
3269
3272
3280
3295
3304
3306
3312
6960
3315
3317
3323
3345
3346
3351
3352
6091
3355
3357
3360
3367
3369
3373
3379
3386
3387
3398
3399
3400
3405
3406
3409
3417
3423
3432
3441
3446
3450
3451
3457
3462
3463
3483
3491
3494
3500
3508
3522
3532
3533
3534
3538
3541
3542
3558
3562
3568
3571
3576
3577
3580
3593
3603
3610
3614
3622
3654
3668
3671
3678
3688
3690
3694
3704
3709
3726
3732
4583
3754
3756
3758
3760
3763
3764
3768
3771
3775
3788
3790
3791
3800
3804
3806
3808
3811
3814
3815
3822
3825
3832
3836
3838
3846
4236
3850
3856
3858
3867
3868
3882
3883
3888
3906
3914
3921
3923
3924
3939
3943
3953
3962
3972
3975
3984
3988
3991
5394
4007
8034
4010
4021
4033
4038
4070
4072
4079
4088
4093
4095
4098
4099
4109
4115
4119
4123
4140
4147
4170
4174
4178
4181
4184
4206
4214
4220
4231
7713
4233
7461
4243
4245
4247
4264
4276
4278
4283
4294
4302
6690
4307
4309
4314
4317
4318
4321
4324
4329
6188
4332
4335
8278
4701
4339
4347
4349
4353
4372
4385
4386
4388
8529
4390
4393
4395
4410
4414
4416
4425
4428
4431
4432
8308
5068
4440
4441
4453
4457
4472
4495
4502
4511
4525
4529
4531
4532
4542
4547
4551
4556
4561
4568
4570
4575
4578
4579
4582
4587
4588
4589
4595
4599
4605
4634
4644
6884
4653
4664
4665
4666
8449
7665
4671
4672
4673
4678
4696
4706
4721
4722
4725
4726
4732
4743
4749
8462
4750
4758
4764
4767
4777
4791
4797
4808
4814
4816
4820
4821
4822
4824
7074
4828
4834
4837
4838
4843
4851
4857
4885
4887
8611
4896
4897
4901
4905
4911
4913
4930
4938
4944
4961
4963
4968
8515
4969
4973
4974
5003
5008
5018
8386
5032
5034
5040
5041
5042
5049
5054
5057
5060
5074
5081
5084
8968
5088
5089
5093
5094
5105
5113
5119
5122
5123
5124
5126
5127
5134
5140
5141
5150
5151
5155
6687
7161
5157
5161
5163
5168
5174
5175
5178
5179
5180
5191
5195
5197
5207
5209
5210
5213
5216
5224
5228
5247
5249
5255
5258
5269
5274
5278
5296
5302
5303
5314
5317
5320
5327
5333
5336
5347
5359
7448
5364
5386
5388
5400
5401
5410
5420
5427
5430
5431
5437
5454
5456
5457
5463
5472
5482
8558
5501
5502
5507
5510
5523
5526
5527
5536
5541
5543
5561
5568
5572
5577
5580
5593
5596
5617
5623
5629
5639
5642
5644
6735
5666
5672
5678
5681
5683
5697
7972
5701
5704
5708
5710
8280
5716
5724
5728
5731
5734
5740
5747
5750
5759
5760
5763
5777
5790
5792
5806
5817
5829
5832
5857
5878
5896
5906
5915
5922
5923
5924
5929
5934
5935
5943
5955
5959
5960
5973
5986
5991
5994
5998
6003
6009
6013
6018
6022
6034
6048
6061
6073
6081
6086
6095
6098
6103
6108
6115
6127
6134
6143
6144
6152
6160
6161
6162
6171
6174
6182
6187
6192
6195
6200
6207
8326
6214
6219
6225
6226
6239
6245
6249
6250
6264
6272
6278
6285
6292
6302
6308
6313
6317
6318
6325
6331
6333
6346
6348
6352
6353
6360
6363
6367
6371
6374
6375
6378
6385
6396
6400
6405
6428
6438
6440
6452
6455
6464
6477
6486
6487
6491
6499
6502
6507
6514
6520
6524
6531
6541
6542
6546
6547
6548
6563
6568
6569
6575
9991
6577
6579
6580
6584
6601
6602
6606
6611
6612
6613
6618
6632
6634
6640
6648
6652
6653
6668
6678
6682
6689
6694
6695
6701
600
6704
6718
6729
6736
6740
6745
6747
6749
6754
6759
8869
6775
6783
6797
6798
6806
6811
6812
6813
882
9866
6814
6818
6819
6823
6824
6828
6832
6851
6852
6864
6874
6878
6889
6894
7612
6900
6902
6916
6918
6920
6922
6939
6943
6946
6949
6956
6963
8642
6973
6974
6977
6980
6984
6997
7009
7010
7012
7017
7066
7077
7085
7087
7088
7097
7099
7100
7109
7114
7121
7122
7125
7127
7132
7135
7138
7139
7144
7145
7163
7173
7177
7178
7180
7188
7190
7197
7199
7220
7223
8492
7229
7231
7246
7253
7263
7264
7285
7292
7299
9613
7310
7316
7325
7338
7342
7349
7350
7352
7353
7356
7361
7369
7370
7371
7373
7381
7389
7390
7391
7394
8880
7397
7398
7400
7407
7415
7417
7421
7422
7428
7430
7432
7442
7447
7451
7454
7458
2012
7462
7464
7465
7477
7479
7482
7496
7498
7499
7505
7511
7512
7525
7526
7529
7537
7544
7545
7549
7560
7561
7563
7567
7569
7577
7583
7593
7600
7603
7605
7607
7611
7616
7632
7633
7634
7657
7661
7676
7677
7695
7700
7702
7703
7720
7724
7733
7738
7739
7745
7746
7751
7755
7760
7763
7766
7771
7773
7774
7775
7779
7782
7798
7815
7821
7826
7840
7847
7853
7854
7859
7865
7872
1354
7881
9919
7914
7930
7936
7943
7949
7963
7966
7974
7983
7984
7985
7991
7998
672
3193
8000
8001
3453
8008
8037
8042
8043
8050
8877
8054
8059
3309
8061
8065
674
8071
8076
8090
8094
8098
8103
8105
8120
323
8122
8129
8134
8141
8147
8164
8166
8171
8173
8183
8189
8197
8703
8198
8201
8202
9213
8215
8640
8224
8227
8231
8233
8235
8241
8242
8249
2777
8251
8260
8264
8267
8270
8271
8283
8290
8313
8314
8316
8321
8322
8331
8333
8350
8363
8378
8397
8401
8417
8435
8459
8460
8464
8471
8474
8475
8495
8502
8506
8509
8514
8516
8526
8528
8539
8544
8549
8550
8556
8559
8561
8568
8573
3765
8579
8596
8600
8604
8612
8623
8629
8637
8639
8648
8653
8655
8669
8672
9586
8674
8680
8683
8689
4082
8694
8698
8700
8705
8706
8709
8719
2112
8722
8726
8746
8759
8762
8764
8776
8790
8792
8808
8811
8816
8825
8833
8856
8875
8883
8887
8914
8916
8932
8933
8936
8939
8941
8945
452
8954
8957
8959
8962
8966
8971
8975
8990
9029
9031
9037
9040
9042
9044
9053
9058
9059
9061
9066
9080
9087
9088
9091
9099
9109
9120
9121
2130
9126
9127
9129
9132
9133
9150
9153
9162
9190
9197
9201
9210
9215
9218
9219
9222
9225
9226
9231
413
9233
9234
9259
9272
9274
9275
9279
9290
9292
9296
9300
9301
9310
9311
9323
9324
9326
9334
9337
9338
9339
9341
9342
9346
9347
9356
9357
9358
9359
9360
9376
9379
9380
9381
9382
2230
9386
9387
9393
387
9396
9400
9412
9416
9428
9429
9430
9432
9438
9440
9459
9461
9463
9465
9470
9475
9487
9489
9494
9507
9516
9521
9524
9528
9532
9542
9565
9585
1477
9587
9608
878
9609
9612
9614
2433
3799
9629
9636
9640
9643
9645
9670
9674
9676
9677
9680
9688
9697
9700
9708
9712
9716
9717
9727
9733
9744
9751
9753
9770
9774
9778
9782
9793
9805
5599
9832
9845
9849
9858
9864
9868
9873
9877
9902
9910
9924
9932
9935
9943
9944
9960
1213
9961
9977
9987
9999
8
927
9
12
31
47
48
56
96
5387
108
111
117
121
124
127
134
154
198
211
215
225
240
241
243
247
269
278
292
294
298
306
316
321
356
363
372
381
386
391
396
406
410
411
424
425
4923
429
431
439
441
442
444
6050
446
462
467
471
475
490
497
5761
508
512
518
2287
542
547
580
596
610
614
627
635
645
3929
660
669
684
685
697
699
713
6166
714
715
719
755
764
2704
773
783
788
789
798
837
843
870
871
877
3615
879
890
895
911
913
932
953
959
971
978
983
997
1017
1036
1064
1067
1084
1092
1097
1100
1103
3612
1132
1142
1163
1173
1187
1201
4408
1202
1207
1233
2674
1240
1267
1279
1292
7284
1305
1328
1336
1341
1349
1365
1373
2218
1384
1405
2650
1410
1413
1418
1435
1437
1440
1473
1490
1493
1498
1501
1508
1509
1512
1513
1516
1537
1543
1546
1568
1570
1573
5407
1588
1599
1605
7986
1616
1629
1669
1677
1690
1692
1702
1732
7669
1733
6029
7426
1737
1745
3555
1763
1773
6799
1778
1780
1781
1812
3896
1813
1823
1826
1827
1831
1844
1845
1868
1905
6843
1921
1927
1936
1937
1939
1948
1953
1962
2010
2015
2026
2800
2076
2080
2100
2115
2116
2124
2145
2146
2147
2154
2718
3429
2202
2203
2212
2226
2229
2237
7678
2238
2241
2252
2265
2270
2289
2292
2297
2310
9361
2324
2327
2328
2339
2344
2364
2372
2383
2393
2396
2413
2439
2451
2467
2473
2489
2496
2508
2515
2516
2529
2538
2541
2558
2583
2584
2616
2656
2678
2681
2689
2715
2721
2739
2743
2745
2749
6952
2787
2793
2803
2804
6366
2811
2813
2814
2828
2848
2852
2859
2876
2883
2895
6716
2896
2916
2928
2929
2952
2969
2976
2989
2991
2994
2998
9706
7631
3003
3005
6150
3019
3033
3037
3087
3099
3114
3117
3142
3156
3171
4612
3186
3189
3199
3202
3204
3215
3227
3232
3235
3239
8585
3245
3257
3259
3296
3300
3316
3319
3327
3333
3334
3353
3361
4831
3363
3365
3377
3385
3407
3411
3415
3418
3426
3443
3464
3469
3484
3496
3514
3528
3529
3549
3551
3569
3579
3585
3604
3607
3617
3619
7347
3625
3628
3635
3636
3639
3646
3663
3664
3672
3703
3717
4151
1591
1000
3724
3737
3747
8684
3772
3783
3809
3829
8859
3847
6890
3865
3871
4498
3878
8613
3885
3898
3904
3909
3910
3913
3936
3938
3958
3959
3986
3992
3999
4006
4014
4020
4026
4027
4039
4045
4046
4052
4073
4075
4089
4092
4097
4101
4104
4312
4114
4121
4126
4128
4133
4141
4153
4154
4168
4172
4173
4176
4186
3145
4187
4200
4207
4223
4228
4232
4249
4267
4274
4289
4323
4363
4378
4382
4383
4387
4426
4437
4442
4448
4452
4480
4494
4501
4515
4526
5641
4537
4539
4548
7133
494
4565
4591
4592
4619
4625
4642
8077
4645
4650
4681
4684
4715
4741
4762
4772
4774
5321
4776
4784
4795
4798
4801
4807
4812
4841
4941
4853
4870
4872
5066
4879
4884
4893
4920
4926
4932
4935
2637
4936
4942
4943
4951
4956
4962
4983
4985
4986
4991
4997
5009
5012
5022
5036
5038
5043
5062
5076
5077
5082
5099
5117
5129
5132
5139
5142
5144
5171
5173
5183
5202
5220
5222
5232
5242
5251
750
5259
5277
5284
5305
5311
5318
5334
5335
5352
5353
5371
5381
5395
5397
5413
5416
9369
5429
5432
1873
5436
9122
5440
5455
5464
5465
5470
5480
5484
5485
5498
5519
5537
5542
5565
5566
5583
5588
5609
5615
5634
5643
5647
5686
5687
5688
5694
5706
5726
5733
5739
5746
5749
5757
5766
5779
5783
5784
5791
5804
5813
5814
5835
5846
5854
5856
5860
5874
5889
5890
5892
5902
5903
5938
5942
5945
5946
5948
5984
5989
6001
6005
6017
6025
6032
7722
6035
6039
6056
6058
6071
6075
6078
6096
6097
6114
6117
6121
6145
6154
6184
6190
6216
6222
6242
6246
6259
6265
6266
6461
6270
6294
6298
6334
4345
622
6347
6350
6388
6398
6416
6419
6433
6436
6437
6443
6444
6460
6463
6470
6495
6513
6527
6530
6534
6540
6549
6550
6558
6565
6572
6581
6591
6597
6598
6617
6626
6647
6657
6661
6688
6717
6738
6739
6778
6780
6782
8146
6792
6802
6809
6830
6837
6839
6854
6857
6860
7242
6870
6883
6903
6907
6911
6926
6928
6954
6965
4517
6966
6968
6971
6987
6993
7006
7023
7024
7027
7047
7070
7091
7092
7104
7120
7123
7165
7170
8424
7172
7193
7198
7200
7208
7211
7228
7256
7280
7288
7297
7302
7313
7322
7329
7331
8391
7334
7339
1491
7346
7360
7379
7386
7396
7406
7420
7433
7438
7439
7455
7460
8029
7468
7469
7473
9698
7475
2369
7490
7502
7506
7509
7521
7533
7534
7547
7585
7599
1863
7617
7639
7641
7659
7674
7681
7694
8127
7705
7710
7717
7732
7753
7772
7781
7790
7811
7818
7843
7848
7861
7874
7885
7886
6062
7890
7891
7898
7942
7960
4621
7967
7988
8005
8012
8014
8017
8025
8030
8031
8053
8073
9325
8083
8420
8088
8121
8125
8144
8158
8192
8205
8232
8234
8240
8252
8257
8310
8328
8329
8343
8345
8348
8360
1978
8371
8381
8385
8387
8394
8396
8402
8405
8406
8411
8418
8427
8436
8440
8450
8493
8503
8510
8536
8564
8571
8574
8594
8610
8617
2141
8618
8622
8624
8664
8666
8682
8687
8697
331
8699
8702
8729
9530
8734
8740
8750
8752
8768
8778
8789
8812
8820
8838
8843
8853
8899
8900
8905
8908
8919
8950
8965
9096
8973
8980
8982
9004
9015
9022
9068
9125
9135
9149
9155
9157
9172
9181
9183
9188
9191
9193
5452
9230
9256
9320
9322
9329
9340
9354
9375
9407
934
9409
9413
9421
9424
5402
9441
8226
4199
909
9445
9456
7050
9466
7235
9482
9484
9499
9509
9515
9517
9533
9536
7932
9552
9567
9588
8188
9606
9632
9633
9648
9651
9695
9703
9710
9741
7792
9759
9762
9764
9766
9771
9794
8404
9802
9808
9811
9826
9843
9850
9908
9918
8586
9927
9928
525
9052
9929
9934
9965
9990
61
1172
86
125
144
149
200
207
237
270
6516
296
671
346
354
380
398
408
414
7693
430
468
492
505
510
8852
545
559
601
638
704
761
782
792
1484
799
811
831
856
865
874
876
903
917
939
964
2235
1070
1078
6923
1090
9010
1112
1118
1119
1128
1136
1203
1218
1262
3380
1280
1318
1333
1358
1385
1421
1439
1464
1466
2647
1467
1521
1554
1571
1597
6403
1606
1609
1655
1664
6763
1665
1735
1741
1765
1830
1835
1850
1855
1870
1898
1973
1992
2030
2064
2067
2089
2103
2142
2201
2213
2221
2227
2250
2284
2290
7227
2325
2348
2354
2378
887
2389
2398
2401
2414
2418
2431
2444
403
9269
2478
2484
2504
2507
1685
2513
2521
2530
2545
2572
2594
2612
2619
7175
2622
2631
2687
2711
2712
2722
2725
2728
2735
2837
2879
2890
2947
2953
2975
2978
2996
6972
3009
397
3042
3061
3073
3111
3119
3205
6427
3237
3267
3279
3288
3322
3384
3430
3474
3498
4400
6529
6116
3513
3544
3547
3559
3595
3631
3634
3650
9151
3674
3727
3741
3753
3787
3797
3818
3821
9830
3874
3907
3925
3961
3968
3977
3989
4028
4049
4050
4058
4067
4069
4111
4129
4193
4216
4271
4272
4279
4288
4403
4405
4429
4458
4463
4484
4604
8779
4492
4524
4546
4549
4590
4616
4620
4628
4691
4738
4802
4803
4823
4827
4873
4900
4931
4947
4949
4976
5004
5469
5072
5107
5111
5170
8221
5208
5285
5300
5363
5369
5374
5408
5411
5492
5499
5535
5539
5553
3340
5576
2864
5604
5607
5611
5616
5625
5633
5677
5690
5786
5797
5810
5830
8755
5833
5852
5865
5911
5976
6031
6033
6051
6054
6055
6072
6107
6170
6217
6233
6276
6279
6337
6356
6401
6424
6449
6479
6490
2121
9196
6496
6536
6587
6596
6609
6637
6639
6671
6674
6702
6709
6744
6761
6777
6807
6849
6856
6873
6888
6929
6959
6979
6991
6995
7038
7057
7103
7105
7111
7148
7162
7181
7183
7201
7252
7259
7291
7298
7317
7324
7336
7340
7388
7411
7425
7427
7440
7449
7480
7494
7523
7531
7572
7584
7615
7636
7656
7671
7680
7682
7697
7716
7748
3362
8296
7770
7783
7785
7786
7836
7870
7875
7882
7888
7900
7953
7956
8004
8015
72
8075
8078
8096
8160
8214
8220
8239
8261
8275
8289
8318
8338
8398
8434
8465
8476
8477
3851
8484
8504
8520
8532
8576
8588
7538
8592
8619
8661
8688
8695
8723
5085
8754
8757
8767
8769
8777
8796
8804
8807
8834
8845
5092
5819
8882
8903
8925
8927
8930
8948
8972
8991
8997
9033
9035
9069
9072
9111
9156
9177
9185
9189
9199
9235
9243
9247
9331
9336
9389
9403
9431
9486
9488
9492
9501
9525
9526
9549
9840
9554
9564
9570
9575
9600
9621
9628
9630
9687
9729
9736
9740
9742
9807
9817
9829
9833
9878
3524
9887
9892
9911
9915
9921
9946
9953
9954
9964
9975
9985
3
50
60
162
166
224
252
353
487
514
536
556
220
570
571
696
725
851
854
866
869
907
1001
1033
1087
1127
1178
1347
1353
1382
1420
1443
2888
1486
1526
1647
1678
1720
1739
1779
1804
1871
1893
1902
1909
1929
1996
1999
2004
2020
2070
2110
2125
2177
2358
2366
2400
2449
2472
2573
2747
2892
2939
2971
3035
5445
3046
3104
3116
3161
3301
3314
3320
3342
3468
9984
3473
3655
3669
3745
9365
3746
3789
3828
4008
4031
4118
4171
4252
6868
4342
4397
4401
4573
4723
4850
2294
4862
5010
5101
5106
5194
5198
5203
5226
5265
5319
5448
5571
5582
5715
5841
6053
6118
6129
6157
6202
6234
6283
6482
6484
6574
6585
6699
6737
6891
6988
7018
7032
7037
7237
7306
7321
7344
7376
7441
7444
7445
7510
7530
7532
7645
7759
8745
7829
7883
8259
8248
8268
8320
8339
8362
8407
8444
8447
8481
8512
8537
8546
8548
8605
8607
8650
8658
8704
7089
8747
8763
8802
8823
8953
8998
9074
9076
9179
9249
9406
9447
9510
9535
9556
9711
9730
9801
9863
9883
9904
9930
147
285
450
675
819
950
984
1055
1140
1375
1447
1495
1683
1771
1900
2034
2047
2139
2304
2533
2534
2825
2915
3010
3122
3255
3305
3325
3339
3368
3602
3611
3785
4165
4194
4468
4632
4649
4654
4864
4939
5682
5796
6167
6286
6576
6623
6643
6664
6915
7110
7216
7309
7419
7595
7624
7637
7709
7723
7858
7878
7904
8047
8583
8630
8822
8992
9104
9344
9795
155
985
1370
1499
2387
3570
3586
4499
5732
5812
6189
6941
8193
9207
9550
9689
668
784
4127
9785
9896
2429
