112500
24
38
89
118
144
160
171
193
203
222
246
261
273
304
305
346
347
350
351
355
385
387
409
434
444
454
469
483
566
571
595
619
623
685
694
709
725
728
747
829
846
872
877
894
899
949
953
968
9
12
320
13
16
762
34
39
48
50
61
64
69
74
76
83
87
90
110
122
136
140
151
159
163
164
168
180
202
569
204
211
221
228
231
244
247
254
257
266
267
272
286
293
300
301
306
335
337
356
383
389
390
392
397
405
427
437
453
473
495
503
504
506
515
518
523
524
533
534
535
539
541
544
545
555
567
576
579
581
585
587
588
382
593
615
625
629
642
654
655
658
671
674
677
417
680
682
689
690
696
720
726
732
735
736
737
753
763
768
770
784
787
793
799
821
825
835
840
843
849
858
863
864
865
878
880
882
884
902
905
934
937
940
945
947
950
952
959
969
976
983
991
2
6
26
31
42
55
56
57
62
63
71
75
79
80
82
88
91
93
713
94
96
99
100
103
109
114
116
119
123
125
126
131
141
146
149
167
169
177
179
184
185
187
196
197
198
200
205
214
218
229
236
237
248
250
252
253
258
263
268
271
782
277
278
281
282
284
290
294
295
299
307
309
311
818
313
314
316
318
321
332
340
342
348
349
362
364
365
622
369
370
371
372
373
374
386
395
147
399
403
410
420
425
429
432
433
436
438
440
441
447
448
451
457
460
461
464
465
470
474
479
484
488
490
491
496
497
498
499
510
511
514
520
526
532
538
543
547
549
551
553
556
561
578
580
582
584
589
594
398
597
602
606
616
627
631
633
635
643
645
651
656
659
661
662
666
667
679
692
700
702
705
706
854
707
711
715
719
724
729
738
739
740
749
758
761
766
769
773
775
776
779
794
795
801
811
819
824
826
827
831
834
836
839
850
851
859
862
868
871
885
886
889
892
896
897
898
900
638
908
911
912
913
916
919
923
610
925
926
927
932
935
938
939
941
944
951
957
958
960
962
964
965
967
971
974
978
980
999
1
20
391
21
27
28
32
33
37
45
49
54
58
59
67
68
70
72
73
77
86
95
476
97
478
345
98
104
107
111
112
113
129
130
134
135
137
647
138
139
152
154
155
156
161
162
173
174
182
188
191
192
194
199
201
208
209
210
212
213
216
232
238
239
264
269
270
274
283
287
289
292
297
302
308
315
317
323
325
329
330
339
341
352
353
357
359
366
375
376
378
379
381
384
388
393
394
396
406
412
418
422
424
439
449
450
452
455
456
466
467
477
482
485
487
492
494
501
513
516
519
522
529
536
540
542
546
554
559
560
565
568
570
572
573
586
590
591
592
600
607
608
609
906
612
614
617
618
620
621
626
634
636
637
640
641
744
650
653
657
660
663
665
673
676
686
688
691
693
251
699
701
708
710
712
714
718
722
723
727
730
731
746
748
751
752
756
757
36
764
767
772
778
780
781
783
791
792
802
805
806
807
808
672
813
823
830
833
838
841
866
847
852
860
861
873
883
887
888
895
903
904
917
918
921
929
948
961
973
977
982
985
989
992
328
215
993
5
7
8
11
14
17
19
22
23
25
29
43
51
66
81
92
102
105
106
121
127
128
133
143
145
148
150
157
158
170
175
176
181
183
186
189
219
220
223
226
235
240
245
249
255
256
276
280
288
303
312
324
327
338
354
358
360
380
402
404
408
421
423
428
435
445
446
472
475
480
489
500
502
505
507
508
521
525
527
548
564
575
596
599
601
605
613
628
630
632
648
652
664
669
675
678
683
684
695
698
703
721
734
742
750
755
777
785
789
800
804
814
815
817
820
828
837
848
856
869
874
876
881
891
893
909
914
915
920
924
458
931
936
943
955
743
956
966
981
984
986
988
994
996
998
1000
4
10
15
30
35
40
41
44
47
52
53
78
101
108
115
117
124
142
153
165
172
190
206
224
225
233
234
259
262
291
296
298
310
319
322
326
331
333
334
361
363
367
368
377
230
400
407
411
413
415
430
431
443
459
471
481
486
509
530
550
557
558
574
598
603
639
649
668
687
704
716
733
741
745
759
760
771
788
796
803
809
812
832
842
855
857
870
890
907
922
930
963
970
972
3
18
46
60
65
85
120
132
207
217
227
241
243
260
285
336
343
344
401
414
416
419
442
462
463
468
512
517
531
562
563
577
604
611
624
644
670
681
697
717
754
786
790
797
810
816
822
844
845
853
867
875
879
910
928
933
946
975
979
987
997
195
242
265
279
426
493
528
583
646
765
774
798
954
990
84
166
178
552
901
942
995
537
275
