1162500
14
31
70
99
106
131
152
157
243
257
280
310
327
329
332
397
427
438
442
443
467
478
480
585
619
624
630
642
661
669
679
690
722
742
750
796
822
828
831
852
864
880
904
905
924
940
941
942
945
955
1040
1091
1128
1140
1179
1186
1205
1215
1230
1283
1301
1312
1332
1355
1371
1707
1383
1428
1430
1432
1442
1456
1459
1484
1498
1539
1551
1556
1570
1586
1589
1590
1599
1603
1606
1630
1644
1696
1726
1749
1779
1783
1786
1787
1791
1834
1836
1850
1875
1902
1923
1937
1939
1943
1955
1956
2021
2032
2044
2057
2061
2082
2094
2141
2162
2179
2195
2252
2253
2314
2327
2343
2375
2378
2411
2416
2455
2473
2486
2492
2500
2501
2515
2527
2560
2592
2613
2643
2648
2659
2677
2731
2732
2790
2829
2897
2912
2926
2972
2975
2991
3023
3076
3102
3104
3107
3127
3160
3187
3204
3215
3234
3248
3289
3293
3294
3316
3359
3365
3382
3386
3418
3422
3453
3513
3523
3524
3602
3613
3622
3626
3682
3691
3699
3705
3708
3715
3720
3723
3754
3767
3777
3781
3785
3830
3853
3934
3935
3964
3967
3972
3986
4020
4034
4035
4042
4049
4065
4073
4081
4096
4112
4154
4166
4169
4188
4196
4205
4207
4215
4266
4272
4280
4282
4316
4329
4345
4360
3199
4392
3592
4397
4430
4437
4476
4498
4533
4565
4586
4613
4614
2286
4619
4632
4654
4666
4693
4770
4797
4855
4879
4885
4916
4917
4923
4930
439
4979
4990
5
12
13
18
19
23
32
46
51
58
61
63
64
66
77
82
92
104
108
111
115
118
130
136
142
3458
143
168
177
183
187
199
200
211
216
222
229
233
235
241
244
248
253
254
259
261
262
265
271
272
283
296
299
319
325
326
333
344
351
373
385
419
421
435
436
458
468
474
479
495
496
499
514
516
521
531
532
538
543
549
552
563
581
582
583
588
593
598
605
632
635
637
4965
641
645
664
676
686
687
693
698
700
703
708
712
715
717
723
3376
735
744
747
749
773
782
783
784
797
798
802
803
806
813
814
3796
817
834
838
842
853
854
855
861
862
869
883
889
892
912
915
921
954
958
969
971
4939
983
985
988
996
997
1004
1008
1009
1019
1022
1025
1027
1029
1034
1038
1041
1045
1047
1051
4899
1060
1066
2825
1069
1086
1089
1090
1094
1095
1097
1109
1113
1127
1139
1145
1151
1154
1160
1162
1166
1174
1176
1178
1187
1191
1197
1208
1221
1222
1236
1251
1252
1253
1260
1267
1276
1284
1291
1293
1309
1316
1326
1339
1342
1354
1358
1363
1390
1396
1399
238
1404
1407
1411
1412
1415
1418
1420
1426
1436
1439
1454
1470
1483
1499
1509
1519
1521
1525
1540
1547
1549
1558
1562
1564
1572
1598
1609
1617
1618
1629
1637
1642
1649
1656
1665
1667
1668
1680
1684
1690
1710
1711
1712
1717
1718
1725
1732
1740
1747
1748
1754
1766
1774
1788
1804
1816
1817
1819
1828
1843
1854
1861
1863
1869
1871
1874
1877
1901
1928
1936
1942
1949
1950
1953
1954
1957
1959
1972
1974
1975
1983
1986
1989
1997
2014
2026
2027
2031
2040
2051
2052
2058
2068
2070
2075
2076
2104
2115
672
2138
2140
2143
2160
2169
2178
2187
2193
2206
2231
2238
2243
2258
2259
2269
2270
2274
2279
2300
2306
2308
2312
2325
2326
2332
2335
2336
2338
2342
2352
2366
2371
2377
2381
2382
2383
2385
2400
2403
2406
2409
2412
2417
2424
2428
2437
2443
2448
2452
2457
2460
2461
2463
2470
2483
2493
2496
2509
2513
2514
2526
2530
2541
2542
2549
2550
2561
2563
2569
2580
2582
2609
2615
2632
2637
2638
2639
2642
2646
2657
2661
2668
2674
2680
2696
2701
2707
2713
2715
2733
2742
2747
2751
2759
2763
2776
2781
2785
2798
2800
2802
2818
2822
2826
2827
2828
2846
2855
2862
2868
2873
2876
2890
2893
2910
2911
2916
2918
2933
2934
2936
2942
2947
2951
2965
2970
2981
2997
2998
2999
3005
3013
3014
3015
3017
3019
3026
3055
3064
3065
3075
3077
3090
3091
3110
3123
3129
3144
3165
3167
3169
3170
3173
3175
3193
3197
3201
3203
3207
3210
3224
3227
3231
3244
3246
3251
3257
3258
3261
3262
3266
3272
3282
3284
3287
3291
3295
3303
3315
3317
3318
3320
3325
3333
3342
3346
3347
3349
3351
1799
3352
3355
3360
3363
3369
3372
3373
3385
4234
3404
3405
3409
3424
3450
610
3456
3465
1368
3477
3481
3485
3500
3501
3511
1685
3522
3535
3546
3550
3572
3575
3579
3581
3594
3595
3607
3617
3618
3623
3628
3629
3636
3647
3654
3656
3660
3665
3678
3680
3704
3707
3729
3730
3735
3744
3745
3755
3763
3764
3773
3778
3789
3794
3801
3809
3812
3825
3828
3840
3843
3844
3847
3858
3864
3867
3869
3874
3881
3889
3894
3895
3897
3908
3911
3914
3941
1492
3942
3957
3959
3970
3971
3974
3978
3981
3982
3989
3997
4007
4014
4022
4030
4036
4051
4058
4059
4060
4074
4079
4087
4097
4104
4117
4122
4123
4137
4150
4152
4153
4157
4162
4178
4180
4184
4199
4206
4212
4245
4250
4260
83
4261
4270
4283
4292
4293
4303
4318
4324
4326
4340
4362
4369
4375
4382
4385
4386
4487
4388
4391
4399
4405
4406
4407
4421
4432
4434
4499
4502
4506
4512
4520
4522
4526
4532
4535
4536
4543
4547
500
4551
4563
4576
4579
4590
4598
4618
4638
4644
4656
4669
4673
4688
4700
4705
4710
4714
4723
4725
4734
4735
4737
4743
4755
4759
4768
4773
4774
4777
4778
4795
4796
4798
4800
4805
4806
4814
1173
4817
4832
4834
4837
4838
4844
4845
4851
4856
4859
4861
4864
4875
4880
4890
4896
4897
4905
4907
4908
4913
4929
4931
4933
4934
4935
4940
4944
4946
4947
4959
4970
1781
4972
4983
4988
4989
4999
3
8
11
27
39
47
48
60
62
65
67
74
78
89
95
96
97
98
101
102
105
110
125
135
139
140
141
151
161
162
165
167
169
170
173
175
176
180
186
189
192
193
206
209
219
237
242
255
258
266
274
279
295
304
306
316
322
324
330
331
337
338
340
348
350
352
354
355
358
363
365
367
368
370
374
376
379
386
401
406
413
414
418
429
432
444
449
450
451
462
465
475
483
484
485
489
491
494
498
503
505
506
507
515
537
545
547
2627
551
554
561
565
573
578
580
586
587
589
590
592
594
596
602
604
608
609
613
615
622
629
631
634
636
3134
644
653
657
660
673
675
677
681
682
689
694
695
696
697
705
707
709
713
714
716
721
729
731
734
741
746
751
755
758
761
763
764
767
772
785
787
791
801
804
805
815
819
823
829
830
833
836
839
841
843
844
845
858
1294
860
866
867
871
875
894
895
899
901
902
909
910
911
916
918
925
928
934
937
939
947
949
950
956
957
964
966
972
974
976
979
984
987
990
992
999
1000
1001
1005
1007
1012
1015
1016
1017
1021
1024
1028
1031
1035
1048
1049
1059
1061
1062
1063
1067
1075
1076
1079
1080
3570
1083
1084
1096
1106
1107
1115
1118
1122
1123
1130
1134
1135
1136
1147
1149
1150
1152
1164
1165
1172
1181
1188
1189
1190
1193
1194
1199
1202
1204
1209
1214
4140
1232
1234
1238
1244
1257
1258
1261
2914
1268
1277
1278
1285
1286
1287
1292
1295
1296
1300
1304
1306
1308
1310
1311
1318
1319
1321
3684
1323
1333
1334
1335
1337
1338
1341
1343
1345
1351
1356
1385
1392
1393
2969
1398
1400
1410
1413
1414
1417
1422
1423
1427
1431
1434
1443
1447
1449
1451
1455
1457
1463
1464
1465
1466
1467
1468
1471
1477
1478
1487
1489
1494
1501
1502
1504
1507
1511
1516
1522
1527
1529
1530
1535
1536
1542
1543
1546
1552
1553
1557
1561
1574
1576
3011
1577
1581
1591
1595
1597
1600
1601
1607
1616
1632
1636
1643
3133
1646
1647
1648
1654
1655
1658
1661
1671
1672
1674
1675
3345
1677
1683
1686
1693
1704
1705
1709
1714
1723
1730
1738
1744
1746
1756
1758
2131
1761
1765
3033
1768
1769
1775
1776
1778
1784
1793
1795
1800
1805
1807
1811
1815
1818
1821
1824
1827
1830
1831
1845
1846
1859
1860
1868
1870
1872
1878
1882
1884
1885
1886
1889
1896
1899
1904
1906
1910
1915
1917
1927
1930
1931
1932
1934
1935
1938
1944
1947
1948
1965
1976
1987
1988
1991
1998
2004
2005
2008
2012
2019
2020
2028
2029
2046
2047
2049
2060
2066
2067
2071
2072
2079
2080
2081
2092
2102
2106
2109
2110
2111
2122
2128
2129
2130
2133
2134
2146
2148
3578
2149
2151
2157
2168
2171
2173
2180
2183
2184
2194
2221
2223
2227
2229
2232
2233
2241
2242
2244
3951
2247
2255
2265
2267
2272
2275
2276
2277
2282
2284
2285
2287
2296
2299
2311
2315
2317
2319
2323
2340
2347
2354
2356
2364
2365
2367
2369
2370
2374
2379
2390
2391
2397
2401
2402
2404
2407
2418
5000
2419
2420
2433
2447
2451
2454
2456
2459
2462
2464
2465
2466
2468
2479
2480
2485
2499
2506
2511
2517
2519
2520
2528
2532
2534
2540
2551
2554
2555
2558
361
2571
2573
2575
2578
2588
2589
2590
2595
2600
2605
2608
2614
2623
2628
2629
2630
2633
2635
2644
2650
2652
2653
2658
2660
800
2663
2670
2678
2679
2681
2683
2685
2687
2688
2695
2697
2704
2706
2710
2714
2722
2724
2725
2727
2729
2736
4384
2738
2740
2745
2756
2762
2769
2772
2773
2775
2778
2796
2797
2816
2833
2835
2838
2844
2861
2864
2866
2871
2875
2878
2883
2886
2899
2904
2905
2913
2927
2938
2948
2957
2958
2962
2967
2978
2994
3000
3001
3002
3003
3007
3010
3020
3022
903
3028
3030
3032
3049
3050
3058
3062
3067
3072
3074
3082
3083
3084
3086
4962
3088
3089
3097
900
3106
3108
3113
3118
3121
3125
3126
3130
3136
3140
3141
3142
3145
3146
3147
3149
4557
3150
3153
3154
3159
3162
3166
3179
3185
3188
3189
3190
3195
3200
3208
3214
3221
3222
3228
3235
3240
3247
3252
3253
3254
3259
3323
3263
3265
3267
3268
3271
3296
3298
3299
3302
3307
3309
3310
3324
3331
3337
3362
3366
3367
3368
3374
3377
3380
3387
4951
3398
3399
3401
3406
3410
3412
3414
3416
3417
3419
3428
3429
3430
3437
3438
3440
3446
3457
3468
3472
3475
3476
3483
3484
3495
3498
3499
3506
3510
3514
3518
3520
3526
3529
3533
3538
3541
3543
3552
3560
3561
3562
3565
3566
3568
3569
3577
3587
3599
3600
1703
3603
3608
3616
3619
3630
3632
3633
3634
3649
3650
3666
3668
3670
732
1241
3675
3689
3696
3697
3709
3710
3716
3717
3722
3733
3737
3738
3739
3753
3758
3760
3761
3762
3765
3774
3788
3793
3795
3798
3802
3804
3805
3807
3808
3815
3820
3822
3824
3827
3841
3845
3846
3859
3868
3870
3873
3875
3876
3880
4812
3885
3890
3893
3905
1929
3907
3916
205
3918
3920
3946
3947
3949
3954
3962
3963
3976
3977
3979
3980
3987
3994
3998
1506
3999
4000
4005
4006
4023
4024
701
4028
4033
4040
4043
4048
4050
4056
4067
1364
4070
4077
4082
4085
4090
4091
4092
4093
4099
4111
4114
4118
4127
4128
4130
4132
4134
4393
4145
4155
4163
2202
4168
4170
4176
4186
4187
4189
4190
4192
4197
4201
4202
4203
4210
4217
4221
4228
4232
4235
4239
4241
4246
4249
4256
4257
4258
4264
4265
4273
4281
4284
4287
4289
4294
4298
4299
4302
4311
126
4338
4341
4346
4347
4348
4354
4356
4364
4370
4377
4387
4394
4401
4404
4410
4412
4414
4415
4416
4422
4423
4424
4428
4433
4439
4444
4445
4450
4458
4463
4466
4467
4469
4471
4473
4479
4480
4482
4483
4486
4493
4500
688
4510
4515
4516
4517
4524
4527
4537
4541
4542
4544
4546
4552
4553
4555
4556
4562
4570
4574
4575
4577
4582
4585
4589
4591
4599
4600
951
4603
4607
4610
4639
4642
4649
4655
4658
4660
4664
4676
4678
4683
4687
4696
4702
4717
4720
4721
4727
4736
4738
4740
4748
4752
4753
4761
4763
4772
4779
4782
4784
4789
4790
4792
4799
4813
4820
4825
4826
4831
4833
4847
4854
4857
4863
4865
4866
4871
4873
4878
4881
4883
4889
4891
4902
4903
4904
4910
4915
4919
4926
4937
4941
4942
4949
4952
4956
4963
4968
4971
4974
4977
4984
4991
4993
4997
2
10
16
21
2852
33
35
38
40
41
43
54
55
57
59
71
72
73
79
81
85
90
93
100
107
113
120
122
127
150
156
160
171
172
174
182
891
185
188
2666
196
197
202
208
212
213
215
217
218
221
224
225
227
234
245
247
251
256
1068
263
267
268
269
270
273
277
281
282
286
288
291
292
294
298
303
309
312
313
315
318
323
339
341
347
356
357
3109
362
371
372
375
377
378
2986
380
384
387
388
398
400
403
404
408
412
420
424
426
428
433
434
437
448
453
463
464
470
473
476
501
504
508
518
520
526
1365
530
2324
535
536
542
544
546
550
560
569
1585
571
572
574
575
577
579
595
600
601
603
611
612
616
623
1395
627
628
638
639
640
649
659
662
663
665
666
668
670
678
680
683
692
702
704
720
727
736
745
752
756
760
768
774
776
780
781
795
808
809
832
837
840
849
863
868
870
874
878
882
885
886
887
888
893
930
935
936
943
946
952
960
961
962
965
970
977
980
981
986
991
993
994
995
1003
1006
1014
1018
1026
1033
1037
1039
1042
1046
1050
1052
1056
1057
1058
1064
1070
1071
1072
1073
3044
1074
1087
1093
1099
1104
1105
1110
1111
1112
1114
1116
1126
1137
1143
1144
1153
1158
1159
1167
1168
1170
1175
1184
1185
1196
1198
1210
1212
3724
1217
1224
1225
1227
1229
1237
1243
1248
1249
1263
1254
1255
1259
1262
1264
1265
1513
1266
1270
1273
1274
1275
1280
4165
1281
1288
1297
1298
1302
1314
1315
1317
1320
1322
1324
1327
1340
1344
1347
1349
1350
1357
1361
1362
1366
1367
1372
1377
1384
1387
1402
1403
1405
1409
1421
1425
1433
1435
1437
1438
1440
1444
1448
1450
1452
1460
1473
1474
1475
1481
1493
1495
1496
1497
1500
1515
1524
1526
1533
1545
1559
1560
1563
1568
1575
1582
1583
1588
1602
1605
1608
1610
1619
1620
1621
1624
1626
1627
1631
1635
1639
1640
1645
1653
1659
1660
1669
1676
1679
1681
1682
1689
1691
1692
1701
1715
3413
1716
1720
1721
4419
1722
1724
1727
1728
1733
1734
1736
1741
1750
1751
1752
1760
1762
1771
1772
1785
1790
1792
1794
1798
1808
1809
1810
1825
1833
1841
1848
1857
1858
1866
3534
1873
1879
1887
1895
1898
1911
1912
1920
3838
2946
1921
1924
1933
1940
1951
1958
1961
1962
1963
1967
1968
1969
1970
1971
1973
1977
1978
1979
1990
1995
2000
2002
2007
2009
2011
2015
2016
2017
2023
2033
2039
2041
2043
2761
2045
2048
3664
2053
2054
2055
2064
2074
2077
2083
2087
2090
2095
2096
2097
2107
2118
2119
2124
2125
2127
2137
2142
2145
2147
2153
2156
2158
2159
2167
4918
2174
2176
2182
2191
2192
2196
2199
2204
2207
2208
2209
2210
2211
2213
2214
2216
2218
2224
2228
2235
2236
2237
2239
4075
2246
2249
3052
2251
2257
2263
2264
2280
2288
2290
2291
2292
2295
2297
2304
2307
2316
2320
2321
2329
2331
2333
2334
2339
2344
2349
2353
2355
2453
2357
2358
2362
2363
2368
2388
2389
2392
2393
2395
2396
2410
2413
2422
2429
2430
2431
2434
2438
2439
2444
4966
2449
4227
2458
2472
2475
2476
3848
2481
2484
2487
2489
2490
2502
2504
2521
2529
2543
2545
2552
2553
2566
2576
3344
2577
2579
2581
2583
2594
2601
2602
2603
2604
2607
2612
2616
2617
2619
2621
2622
2625
2626
2631
2634
2636
2641
2651
2654
2662
2665
2669
2682
2684
2689
2690
2692
2693
2694
2705
2708
2709
2712
2716
2718
2719
2720
2730
2737
2739
2748
2754
2755
2757
2758
2760
2765
2767
2782
2783
2791
2793
2799
2804
2805
2806
2807
2809
2812
2814
2819
2820
2823
2824
2831
2837
2839
2847
2848
2853
2856
3432
2863
2870
2874
2880
3624
2882
2885
2888
2889
2896
2900
2901
2902
2903
2906
2909
2915
3772
2922
2924
28
2930
2932
2940
2941
2949
2950
2954
2955
4160
2964
2966
2971
2973
2976
2977
2982
890
2984
1023
2988
2995
3006
3009
3016
3018
3021
3025
3029
3037
3039
3041
3043
3045
3048
3051
3053
3056
3057
3061
3066
3068
3069
3078
3079
3080
3085
3087
3095
3096
3098
3100
3105
3111
3112
3114
3120
3124
3128
3135
3143
3155
3156
3164
3168
3172
3174
3176
3182
3183
3192
3211
3216
3217
3218
1146
3225
3226
3238
3242
3250
3255
3274
3276
3277
3290
3301
3313
3322
3329
3330
3334
3335
3338
3340
3341
3348
3354
3371
3375
3379
3393
3397
3403
3423
3433
3434
3444
3445
3449
3452
4976
3455
3470
3478
3482
3488
3489
3491
3492
3493
3494
3502
3509
3515
3519
3521
3530
3532
3537
3545
3549
3557
3558
3563
3564
3571
3573
3574
3580
3582
3586
3588
3589
3590
3591
3593
3604
4514
3606
3612
3615
3643
3646
3667
3677
3685
3688
3700
3701
3702
3712
3713
3718
3719
3721
3725
3726
3728
3741
3742
3743
3746
3752
3756
3759
3768
3769
3776
3780
3782
3784
3799
3803
2085
3806
3813
3816
3818
3821
3823
3832
3833
3860
3871
3872
3877
3882
3887
3891
3958
3896
3904
3906
3919
3921
3923
3928
3929
3930
3940
3943
3952
3955
3956
3966
3969
3975
3983
3991
794
3992
4001
4004
4017
4018
4025
2260
4029
4031
4038
4039
4041
4046
4047
4052
4053
4061
4064
4066
4068
4069
4072
4078
4088
4089
4101
4105
4108
4109
4110
4113
4125
4126
4136
4138
2522
4142
4144
4236
4146
4147
4148
4159
4164
4173
4181
4183
4185
4195
4198
4209
4213
4223
4224
4229
4230
4233
4243
4244
4247
4252
4268
4275
4278
4286
342
4288
4290
4291
4296
4297
4300
4307
4309
4310
4317
4319
4320
4323
4325
4330
4332
4335
4336
4339
4352
4353
4355
317
4367
667
4368
4372
4373
4390
4400
4411
4413
4417
4418
4425
4426
4429
4431
4448
4449
3508
4452
4454
4455
4456
4460
4461
4464
4468
4470
4484
4491
4494
4503
4504
4505
4507
4508
4509
4523
4528
4531
4538
4539
4560
2200
4571
4572
4573
4578
4580
4584
4592
4601
4602
4606
4615
4616
4617
4620
4621
4622
4631
4633
4634
4636
4640
4641
4643
4647
7
4651
4653
4659
4667
4668
4670
4674
4680
4681
4682
4684
4685
4689
4694
4698
4699
4706
4707
4708
4713
4726
4742
4744
4747
4757
4758
4764
4776
4786
4788
4793
4803
4808
4810
4815
4818
4819
4821
4824
4828
4849
4858
4867
4868
4869
4870
4888
4893
4895
4898
4900
4901
4911
4912
4914
4921
4922
4924
4943
4950
4953
4954
4978
4985
4992
4994
6
15
17
25
26
36
37
52
3536
53
69
76
80
84
86
94
103
112
114
119
121
123
124
128
129
132
133
134
144
2801
146
147
149
154
155
158
163
166
181
191
201
207
210
231
239
240
246
250
264
275
276
278
284
285
287
293
297
307
308
320
4447
328
334
335
336
345
346
353
364
369
381
383
390
394
395
399
2766
407
4328
411
415
1514
416
431
445
446
454
457
511
461
466
471
472
481
490
492
497
517
522
523
524
525
528
529
534
555
556
3944
562
564
566
584
597
2093
599
606
607
614
618
625
626
633
646
647
648
651
655
656
658
2248
671
674
684
3927
2135
685
710
719
724
725
726
738
739
740
748
753
762
765
769
775
778
779
790
792
793
799
816
818
821
825
827
848
856
857
859
865
879
884
908
914
917
919
920
923
926
929
931
933
938
944
953
959
2850
967
968
4646
973
975
978
982
1706
989
1010
1011
1020
1044
1053
1055
1169
1077
1082
1088
1098
1102
1103
2117
1108
1119
1132
1133
1138
1141
1142
1163
1171
1182
1195
1200
1201
1203
1207
1213
1219
1220
1226
1239
2494
1240
1242
1245
1246
1272
2536
1279
1282
1289
1325
1328
1329
1331
1336
1346
1348
1352
1374
1388
1389
1391
2989
1397
1406
1416
1419
1125
1424
1429
1445
4996
1446
1453
1458
1462
1476
1479
1485
1486
1488
1503
1634
1517
1518
1520
1532
1538
1544
1548
1550
1555
1565
1571
1573
1579
1587
1592
1611
1613
1614
1622
1623
1638
1650
1651
1662
1663
1664
2546
1678
1694
1697
1698
1699
896
1702
1708
1731
1739
1742
1743
393
1745
1764
1767
1770
1777
1796
1801
1806
1813
1823
1826
1829
1832
1840
1842
1853
1856
4435
1864
4593
4750
1865
4304
1876
2010
1881
1890
1862
1891
1893
1894
1900
1903
1905
1907
1908
1913
1916
1941
1964
1981
1982
1985
1992
1994
1996
2013
2018
2467
2022
2024
2036
2037
2038
2042
2050
2063
2065
2073
2078
2086
2091
2098
2099
2103
2105
2108
2113
2123
2139
2273
2144
68
1401
2155
2161
2166
2175
2177
2181
2186
2188
2114
2189
2198
2215
2219
2220
2225
2226
2240
2256
2266
2268
2283
2298
2302
2305
2309
2313
2328
2330
2341
2348
2350
2380
2386
2398
2405
2408
2414
2415
2423
2432
2446
2471
2477
2488
2497
2498
2503
2505
2516
2518
2523
2525
2535
2537
2544
2547
2557
2559
2562
2564
2568
2570
2585
2586
2597
2606
2610
2611
2618
2620
2640
2647
2649
2656
2671
2686
2699
2700
2703
2711
2717
2728
2743
2744
2752
2764
2768
2770
2774
2777
2784
2787
2803
2808
2817
2821
2830
2832
2836
2841
2843
2849
2851
2857
2858
2860
2867
2879
2898
2917
2919
2921
3202
2923
2935
2937
1695
2939
2943
2945
2952
2959
2960
2968
2983
2992
2996
3004
3842
3024
3031
3035
826
3042
3047
3060
3070
3071
3073
3094
3099
3101
3116
3117
3119
3122
3131
3137
3148
3158
3180
3184
3186
195
3191
3196
3198
3206
3220
3223
3237
3239
3245
3256
3260
3264
3270
3280
3283
3288
3292
3305
3308
3326
3332
3339
3350
3353
3364
3370
3378
3392
3394
3395
3408
3411
3415
3421
3425
3431
3436
3442
3443
3447
3459
3461
3462
3464
3469
3471
3480
3497
3503
3504
3505
3507
3517
3528
3531
3539
3540
3544
3551
3553
3559
3576
3583
3596
3597
3605
3609
3610
3611
3621
3625
3635
3637
3640
3641
3642
3645
3648
3653
4337
3655
3657
3661
3663
3671
3672
3673
3674
3679
3683
3686
3687
3690
3692
3694
3695
3698
4652
3714
3727
3731
3732
3740
3748
3749
3751
3766
3771
3786
3787
3790
3797
3800
3810
3811
3814
2337
3829
3835
3839
3850
3851
3854
3856
3857
2795
3861
3863
4775
3865
3883
3888
3909
3913
3924
3925
3931
3933
3937
2956
3938
1844
3939
3961
3988
3990
198
4002
4003
4009
4011
4013
4016
4021
4032
4037
4044
4045
4055
4057
4062
4063
4071
4076
4080
4083
4084
4095
4098
4102
4116
4119
4120
4124
4129
4135
4141
4143
4158
4175
4177
4179
4191
4214
4218
4222
1081
1157
4238
4242
4251
4263
4267
4274
4276
4279
4285
4295
4308
4312
4327
4333
4342
4343
4358
4359
4365
4366
4376
4380
4409
4438
4440
4442
4443
4453
4474
4485
4490
4492
4495
4511
4518
4529
4540
4545
4548
4554
4559
4561
4566
4567
4583
4587
4588
4594
4609
4611
4623
4624
4627
4628
4630
4635
4650
4663
3034
4671
4672
4679
4686
4692
4715
4719
4722
4728
4730
4731
4732
4749
4751
4766
4767
4771
4783
4853
4785
4787
4794
4807
4809
4822
4823
4829
4835
4842
4843
4850
4852
4862
4872
3936
4874
4876
4877
4882
4892
4927
4928
4945
4958
4961
4969
4975
4980
4981
4995
4998
1
4
30
34
44
49
56
75
91
116
137
138
153
164
179
194
203
204
220
226
230
232
236
567
249
1307
260
289
301
314
359
405
410
430
440
455
459
482
486
2788
487
510
519
527
539
553
558
576
591
850
617
621
652
706
2672
718
730
737
743
759
770
777
786
812
820
824
835
3008
851
876
881
906
907
913
927
1925
932
1030
1036
1054
1078
1085
1101
1117
2655
4739
1120
1124
1129
1155
1161
1183
1192
1206
1211
1228
1231
1233
1235
1256
1269
1271
1914
1299
1313
1360
1373
1375
1376
1378
1380
1408
1461
1472
1490
1491
1508
1510
1512
1523
1534
1537
1541
1554
1569
1578
1580
1593
1594
456
1604
1615
1625
1633
1652
1673
1729
1753
1757
1763
1773
2980
1782
1802
1803
1812
4269
1814
1822
1837
1838
1847
1851
1852
1946
1855
4884
1867
2840
1880
1883
1909
1918
1952
1966
898
1980
109
502
4894
1984
2001
2006
4008
2056
2062
2069
2088
1566
2100
2101
2112
2116
2120
2121
2136
3736
3278
2150
2152
2154
2163
2170
2185
2190
2203
2205
2217
2234
2245
2254
2262
2271
2278
2281
2813
2293
2294
2318
2346
2361
2384
2394
2399
2421
2427
2435
2436
2442
2445
1755
2450
2478
2482
2508
2510
4478
2512
2524
4550
2531
2533
2538
2565
2574
2584
4760
3439
2587
2591
2593
2596
2598
2645
2664
2667
2673
2676
2691
2721
2723
2726
2741
2746
2779
2780
2792
2810
2811
2815
2834
2842
2859
2872
2877
2887
2891
2892
2894
2920
2928
2974
2979
3027
4604
3036
3038
3040
3059
3063
3093
3139
3157
3177
3178
3194
3212
3219
3300
3243
2931
3249
3269
3792
3273
3275
3279
3306
3312
3327
3336
360
3343
3356
3358
3361
3388
3389
3390
3391
3420
3435
3441
3448
3451
3473
3474
4932
3479
3490
3496
3512
3516
3542
3548
1612
4472
3555
3567
3584
3585
3601
3614
3644
3651
3652
3659
3669
3693
3706
3711
3734
3747
3750
3779
3783
3791
1013
3834
3836
3837
3852
3639
3866
3878
3879
3884
3886
3899
3900
3901
3903
3912
810
3915
3922
3926
3932
3960
3965
3968
3973
3984
3995
4015
4026
4027
4054
4086
4094
4107
1032
509
4133
4151
4167
4171
4174
4200
4204
4211
4216
4489
4219
4220
4225
4226
4237
4259
4301
4313
4321
4322
3892
4331
4334
4344
4361
4374
4379
4389
4395
4690
4396
4398
4402
4403
4420
4436
4441
4446
4103
4451
4457
4475
4501
4519
4521
4534
4549
4564
4568
4569
4612
4626
4629
4661
1780
4662
4665
4691
4697
4703
4704
4712
4724
4729
4733
4745
4762
4765
4769
4781
4802
4816
4830
4840
4841
4848
4860
4695
4887
4906
4925
4938
4948
4957
4967
4986
4987
9
20
22
24
29
45
50
87
88
145
159
190
223
228
290
300
305
311
321
396
382
402
409
417
422
423
469
477
1092
488
493
533
540
548
568
570
620
643
650
699
447
711
733
302
754
757
766
771
807
811
846
872
873
897
922
1131
998
1043
1065
1100
1121
1148
1156
1177
1216
3757
1218
1223
1250
1290
1303
1305
1330
1353
1369
1370
1379
1386
1394
2059
4172
1469
1528
1531
1567
1584
1596
1628
1641
1666
1670
1687
4675
1713
1719
1789
1820
1835
1888
1892
1922
1960
2003
2025
2030
2084
2126
2132
2164
2165
2172
2201
2212
2222
2250
2289
2301
2303
2351
2359
2360
2372
2373
2425
2426
2469
2491
2495
3460
2539
2548
2556
2624
2698
2734
2749
2771
2786
2789
2794
2845
2854
2865
2869
2895
2953
2961
2985
2990
3054
3396
3081
3092
3103
3132
3152
3161
3171
3181
3205
3213
3229
3230
3232
3241
3285
3321
3328
3357
3381
3383
3402
3426
3427
2310
3454
3486
3487
3525
3554
3556
3598
3658
3662
3681
3703
3775
3819
3826
3855
3862
3898
3902
3910
3948
3953
3985
3993
3996
4012
4019
4100
4115
4121
4131
4139
4149
4161
4182
4193
4194
4208
4240
4371
4248
4253
4254
4271
4277
4314
4315
4357
4378
4381
452
4383
4427
4459
4462
4496
4497
4525
4530
4558
4581
4595
4597
4605
4608
4645
4648
4657
4709
4716
4746
4756
4780
4791
4811
4827
4836
4839
4846
4886
4909
4920
4936
4964
541
4973
148
178
184
214
252
343
389
391
425
441
460
512
513
728
847
948
963
1002
1359
1381
1382
1441
1480
1482
1505
1657
1688
2735
1700
1735
1737
1759
1797
1839
1849
3631
1897
1919
1999
1926
1945
1993
2034
2035
2230
2261
2345
2376
2387
2441
2507
2567
2572
2599
2702
2750
2753
2884
2907
2908
2925
2929
2963
2987
2993
3046
3209
3233
3297
3311
3314
3319
3384
3400
3407
3463
3466
3527
3547
3620
3627
3638
3676
3770
3817
3831
3849
3917
3945
4010
4156
4231
4262
4513
4306
4349
4363
4408
4488
4596
4625
4801
4955
42
117
349
392
557
654
789
1180
1247
2089
2440
2474
2675
2881
3012
3138
3151
3163
3236
3281
3286
3304
3467
3950
4106
4255
4305
4465
4477
4677
4701
4718
4741
4754
4804
4960
366
691
788
2322
2944
3115
4350
4351
4711
559
877
2197
4481
4982
4637
