27088000
297
359
4830
4092
3966
2781
3538
63
626
390
4382
2360
1839
2213
2759
3778
3196
2569
1745
3666
4120
4757
3814
26
3849
2428
1858
2027
4964
3460
3673
2235
4979
1609
245
3397
3098
2948
2857
4401
674
3438
4047
3008
2914
167
328
2681
1328
4992
2597
4381
2990
4027
3218
3996
3415
3094
1192
2267
4926
166
3819
734
2673
1163
1057
4607
373
845
2456
1276
965
2886
3429
2361
399
1216
342
3114
4350
1431
4572
3702
3393
1017
3565
2451
157
2453
3080
541
3251
1495
2189
228
2424
682
1547
2261
2492
3620
849
4825
4471
4576
1181
1304
182
2334
678
2296
1160
424
397
4400
1767
438
916
2409
208
4319
2297
1202
64
536
794
1379
1532
2228
2045
3250
4466
3454
4699
83
4775
4174
2174
3573
2286
2320
1939
2233
1989
3707
3787
1808
3419
1254
4451
471
4658
3026
4461
1781
1794
1823
1553
1645
1513
2128
2028
1268
1118
3164
2032
3545
2505
2099
4978
4345
3502
3054
486
1141
972
2839
4505
3716
4456
500
4390
53
1430
4906
1164
3840
314
4690
4276
3000
3873
2888
760
3649
3732
1971
3773
2337
3012
4768
2876
327
4604
2735
1624
337
4438
1904
1862
1062
768
1025
1711
263
556
1301
4158
320
248
2229
4697
1020
4030
3373
4916
2544
2960
4383
4565
226
2465
1654
177
2538
1837
3335
1496
4861
990
3600
2943
2779
3535
2138
356
4531
186
3874
2626
3758
80
1289
2188
2467
4871
2606
4385
19
101
1402
4364
4202
1717
877
4330
2344
796
306
3330
1963
1784
1055
4535
2447
389
2521
1928
4985
2367
2513
4560
4470
3863
570
1235
88
3844
2064
1750
173
2203
2146
4968
3997
2001
1
548
837
1232
3655
1129
3936
2706
1376
4589
3631
3195
1047
4417
1070
4705
4961
2785
2312
4947
1650
4419
1262
2925
1916
1035
2318
21
3075
773
4196
1342
1678
4399
1702
1681
4925
3564
67
2468
3487
2218
1641
4493
813
836
1487
4771
2986
3777
705
232
294
876
313
4678
1439
927
3315
1394
3846
984
2302
4591
2557
3350
3100
4555
1130
697
903
3941
3810
2972
396
3605
4662
817
4765
367
1917
4885
2701
1104
3424
558
4860
1464
758
3894
345
3134
4190
1016
4063
2304
2496
4006
91
169
2476
28
2342
2763
291
3231
329
1027
377
3675
340
3459
456
820
1886
4615
1840
3734
1646
3977
307
968
4672
160
3690
3618
1590
1252
4184
2393
121
2166
134
2580
4114
1937
4067
1159
2164
1366
3194
1942
609
2560
2849
2358
3339
4258
2790
3576
2903
352
4070
3616
2571
2277
3519
4367
874
2441
4793
538
206
4368
2180
2945
2643
4105
986
2722
4839
4826
2094
2912
1574
4998
3700
3407
4220
3727
4696
1427
204
4263
1604
3541
2280
3249
3717
3001
1617
2593
2517
3082
2227
699
4294
4488
4155
324
3578
3287
1666
2853
1732
3820
3165
584
4001
709
632
1466
1709
1406
4603
4598
1966
3267
1185
2920
1592
613
1468
3617
688
194
286
2976
3789
3998
1095
3128
2127
1172
4000
2704
116
1516
4426
921
2847
1479
4942
2546
4745
2464
4840
2715
3113
4504
3553
559
1042
2793
581
2993
2663
129
1718
2322
2292
912
2882
2965
985
2396
683
2635
3827
4912
1623
71
1397
1952
2723
3244
3050
1950
321
450
1180
1501
4485
4306
3225
519
4971
506
4301
2445
4820
1742
2910
4880
4995
4611
417
3238
1418
629
2646
2636
1435
1424
1630
616
4074
2388
893
1318
1600
3987
198
3900
922
4563
3776
383
2751
2758
4004
2420
3040
1315
234
3274
3254
677
1100
3922
4920
1690
731
926
7
3775
3064
4110
1384
3106
509
4844
1906
114
3601
122
3659
4225
155
2958
85
1415
1303
2598
2811
4443
4315
4113
4911
2260
2623
2684
1006
4948
3005
3903
4185
1663
2359
1976
3472
4167
634
4297
4845
490
4249
3527
801
109
3300
4449
3823
3378
1228
4857
4848
667
944
412
957
782
4019
2300
1677
4958
4726
4337
42
2939
4609
1640
636
4347
1748
2256
2909
1707
219
300
4732
1602
4664
681
2951
3321
3265
3361
75
746
3296
3457
1782
1932
1973
1207
1135
1122
1063
3088
698
1619
1037
200
3957
3228
3662
2012
2500
722
1477
3626
2160
3669
3386
4068
4373
4681
4834
4988
1146
2253
1965
4082
803
4676
1636
4162
2460
4645
2061
3694
2416
4836
2775
1931
4194
4078
1367
4429
1358
4780
4314
2940
3430
2072
4411
278
4887
3872
3731
4475
3644
3899
2308
1375
2867
702
1875
3878
1306
3111
568
3346
78
1796
479
4103
1827
3413
4850
4647
2843
4914
3981
1930
831
3811
3009
2169
809
1500
1329
2407
2259
2478
4892
4541
1818
701
1416
3123
31
1692
1559
1889
4554
4444
1734
829
66
1846
982
4065
1182
4130
4232
4856
10
3087
2749
3025
4073
2049
3485
2395
3365
3370
3007
1699
1926
2020
835
3099
4579
138
3999
1549
3312
4455
4575
3286
110
3332
3513
4474
1819
1116
1860
4813
4153
2824
4924
777
4977
2034
2384
2625
555
2378
2015
30
815
1310
1995
4883
3946
1105
4095
1426
3869
144
1378
87
3230
3241
472
1486
4692
723
1509
1249
3910
1029
4551
1054
4631
1456
1357
1404
3990
4574
3680
3447
494
4492
1034
1552
2463
4012
1179
4751
973
2066
1499
3070
1902
4515
3508
1653
3131
107
1658
561
4561
3174
4524
4490
1156
2458
587
243
4674
1255
583
4251
1637
3917
4141
3860
753
4526
853
2226
2800
908
3048
2992
4660
3096
65
1493
3713
2080
1448
3687
1531
4733
2902
3719
1958
3127
1657
2270
4792
3362
1825
2220
16
1982
3638
3597
1243
4279
3270
542
1713
3334
2931
2299
3547
2149
2490
93
1644
3660
1561
2610
2307
591
3303
1280
2978
183
4138
864
1128
2319
3751
3522
1356
1260
1615
3293
2114
508
4369
4533
235
2808
3290
2898
1227
4501
4827
932
3304
343
4659
2938
2085
2714
1296
3341
1197
69
4139
2861
776
3143
4291
1294
2030
1959
2713
2520
590
781
4299
2156
2936
1923
2746
4741
2672
446
1514
610
3139
4890
1701
2165
4010
3972
239
3030
1990
299
2702
1956
2594
238
2858
2154
3278
1578
2612
2836
546
3848
4453
4108
276
3736
4035
3473
2450
1151
521
4317
3686
112
4796
2981
3835
4060
1132
3313
4215
4072
1944
1429
1909
4252
1362
4613
3298
2995
4969
4670
2548
552
34
4322
3188
3552
1145
736
2196
574
2614
1134
2507
4459
1573
1833
4951
755
2508
4066
4597
3692
428
4899
3994
3992
4363
463
595
4944
4993
3433
3284
22
3645
3785
1050
4218
4425
3449
3229
4313
1898
3490
4198
2252
637
1983
272
23
738
1346
3475
3954
639
2405
1779
4763
3069
259
4954
292
3920
654
4570
604
1977
4901
4395
2178
2549
2893
631
4478
3683
2199
3663
3110
4457
1343
1112
913
4157
1571
430
823
2708
3667
4511
4344
185
4296
3867
2120
152
2885
3191
1383
3443
222
460
4753
1308
2268
3351
1195
1203
1631
4781
1540
2172
2
4522
2371
351
2031
319
2962
3792
441
4673
4351
4154
1520
2506
4124
3582
3264
2241
888
4178
644
1373
1002
3161
3135
3726
2665
1739
2563
1089
1194
4177
4026
2239
1901
3610
89
2309
1210
4206
1755
231
1169
3469
3898
692
3258
4324
24
1388
4746
350
2113
3657
592
2768
2339
1161
1710
4548
1101
1712
3743
2709
1206
1259
3695
4462
615
3052
4562
3349
1408
787
3318
2091
4749
4739
2435
1649
1527
3943
1482
393
513
1041
2863
3529
2718
2403
4052
4104
2615
2190
1753
1529
1900
3524
2601
665
4819
2497
886
1152
1144
3652
2667
3246
1013
1912
1556
4841
1935
4525
856
1870
1286
316
2618
4708
504
2035
3023
1555
3066
4431
1832
3171
3133
4894
2097
3509
841
3145
1997
4564
2711
4219
2470
4593
2482
4239
354
489
4646
4596
3037
1918
2426
2765
2198
2688
3285
4799
3930
3831
1730
4950
3701
1012
3837
4862
1314
473
1332
3059
924
2605
233
707
2429
685
3782
1149
940
4377
97
4886
802
1284
2315
227
1812
50
4354
1428
2153
2088
3654
4918
2851
812
84
3744
4991
4747
3914
3845
3004
4310
279
3677
3354
325
3676
4287
3399
249
2674
2347
1621
1746
448
3556
3991
1483
2294
162
729
628
700
336
1038
3374
3204
3431
1639
4164
77
1480
1075
1731
3964
2719
938
3187
2131
3813
4371
3299
1924
2110
566
1871
4893
4346
3721
2732
413
4529
1490
714
744
747
1442
72
2182
3202
45
4109
1911
376
4406
2552
4527
3387
3864
730
855
2974
474
2770
1165
4266
1801
716
35
3078
2677
151
3076
1830
3214
4089
4693
374
539
1774
4341
871
708
1866
1689
158
4955
516
4132
1455
2685
4359
2639
4498
2687
1361
1667
2542
3003
579
2582
2485
1980
3770
1059
3668
4187
3925
2262
4318
3260
4342
2212
2487
523
3331
2192
4838
3369
3579
2389
582
3257
1885
4343
854
4864
540
4927
805
2079
2926
2017
1704
870
2840
3205
1629
229
1425
807
975
4687
113
2724
1309
2526
2778
1330
2776
1158
822
658
3207
3861
1960
4336
2647
2586
842
1754
1726
3648
2802
1797
462
564
557
3240
2595
1452
1155
2375
2855
3788
2982
3226
1751
4186
3586
209
797
355
4652
764
1088
255
2075
3901
2125
2817
4270
3051
38
3970
4441
785
1583
115
3642
2102
909
2870
4408
1336
2524
4636
2408
2828
4938
3456
1693
3555
295
840
3748
3495
3940
1605
1107
4389
2915
1274
4710
1682
1634
3560
3185
2897
2834
4581
766
4619
4761
1440
624
2511
2568
3750
4788
2362
3969
3239
1178
1613
3796
3480
2412
2996
3714
3967
4372
4326
3550
3028
305
4039
1523
4907
4853
3410
902
4360
1850
4097
4238
1557
2042
4288
4020
2627
4877
3928
4758
3539
2406
1295
2632
3340
3865
4316
27
318
4573
4254
4559
671
4829
3343
271 4837
1081 2434
3263 1334
970 1264
1642 4358
834 4009
603 94
2503 925
361 3498
691 44
420 752
1239 371
3408 1225
2380 3380
3575 720
1787 4269
285 953
3058 4987
139 3159
2305 1551
2140 1697
742 2444
184 338
333 896
2058 3851
15 1102
602 2968
1000 48
1327 4729
334 3627
979 1256
461 56
1271 2211
141 980
2060 1166
1233 2257
1814 1855
1893 1386
137 4340
104 994
444 274
378 150
1695 4355
1015 1136
3821 120
798 2186
862 1393
868 1377
1003 39
1908 4144
502 3259
2247 3790
515 605
1097 919
268 3093
2607 1241
1007 1137
1927 4044
2602 2788
2400 3237
133 364
1597 2287
332 302
2004 4016
421 102
1150 767
1423 3963
1591 2486
3379 675
656 449
3011 197
814 1519
117 366
1229 3520
287 339
790 3256
2377 1147
2642 830
1234 433
795 2200
2649 1211
2368 3452
1744 1565
1848 1842
496 2922
457 3437
3640 159
283 3832
939 1298
983 2584
875 215
57 469
498 4094
18 3262
1177 2351
627 499
3044 1028
467 3301
136 3685
2132 3757
2964 847
415 3170
2275 3580
246 959
436 280
1371 3347
537 3384
1183 2331
1251 4737
4785 4711
686 58
1568 1759
348 176
679 414
719 2588
2222 3658
920 210
1347 2068
1835 1919
1222 2411
224 244
3189 1685
1339 2089
1865 1446
2121 1580
598 2783
2872 2193
1541 4397
1399 4577
2442 1463
532 4061
1069 2864
123 3491
2744 1098
2037 2823
1957 1270
727 14
2341 1575
949 2956
2671 2374
3157 1793
2913 2142
1884 4149
765 2209
1396 3282
3595 211
3107 2050
46 480
1126 2862
3704 148
695 2726
2022 3884
199 269
2108 3812
482 646
124 3698
1053 2443
2949 890
60 485
92 451
2340 3526
68 3255
905 3019
759 2272
493 630
2176 1803
901 1349
2025 1747
1494 1987
1193 580
2144 1816
750 2773
1290 2181
1868 4171
948 2994
2525 618
4986 607
465 5
3154 622
565 4982
2007 4013
2669 771
140 3476
1838 2881
2484 1380
1863 4247
1588 2498
4465 911
1903 2136
503 606
724 368
2754 1354
978 1263
3641 191
3711 1507
73 387
135 362
614 2803
9 1184
181 3656
553 111
1236 2219
1922 4049
346 866
1171 3624
1176 717
3224 1607
2167 1084
1877 1432
670 423
3325 4941
289 3364
2338 2539
1576 3117
1743 1899
382 775
1852 2356
3653 1515
86 1061
3725 51
36 481
1010 2522
1766 1563
3146 1815
1348 3406
2924 2109
2317 1582
492 645
3583 422
3609 266
2600 2816
1502 1910
3880 20
3805 1450
443 3440
1542 2290
3105 653
240 966
277 3862
172 3124
2283 936
2970 668
2419 1596
288 331
13 3783
2376 2502
2223 1773
2901 2158
2483 3115
310 190
642 90
703 4868
974 54
439 3053
2617 1224
1537 4404
529 3394
386 3494
241 3381
715 3269
1292 2126
2009 3948
1770 4290
1738 1979
648 2868
3933 12
1110 2415
1355 3395
1864 2148
344 872
2809 2243
633 458
3167 589
2090 1162
1587 2504
315 3302
945 4695
434 718
4601 4156
3253 512
1124 2432
551 3201
1316 4056
640 3288
1705 2106
4638 833
3305 1319
1205 4140
2583 1283
1174 4183
961 2537
3245 554
491 218
3306 1287
145 3141
1364 2731
3574 774
309 3319
1170 4272
1434 4495
3497 879
4543 680
1257 4102
661 4921
821 2637
70 454
1123 861
32 1087
195 400
2871 2204
395 4221
1518 3875
2733 1121
2954 2093
1776 3542
178 349
3367 711
2576 1293
2472 1488
562 4997
880 4776
825 2631
2533 1471
108 3493
2846 2224
3153 930
3435 322
810 2656
2771 2231
1722 1577
793 2750
2134 1113
1721 3629
4151 1981
885 4878
2439 3061
2437 1489
3691 146
3417 1093
4602 666
1544 3148
832 2616
2117 1125
3635 223
1168 2772
4181 1108
2963 863
2326 2589
2984 839
3403 1853
1072 4458
1964 3366
1671 1632
2263 1724
301 4275
214 3866
2047 3297
852 1478
3895 11
1250 4764
3455 625
3418 1046
2844 1213
960 2566
3471 941
2038 1936
2295 1683
4427 934
2826 2603
964 79
3486 409
2567 1461
1370 2062
174 3681
995 2550
2683 1372
1940 2112
201 3935
4100 2039
783 312
3598 385
4566 673
1566 3129
2077 1888
2083 3843
1247 2215
2573 1299
55 475
2798 1313
3182 588
1562 1861
1659 1638
2357 3525
2438 3074
547 2932
954 4684
437 3067
2516 899
2269 1703
826 4802
3619 273
2873 2324
4168 1189
1584 4384
347 4235
3697 4937
2430 1543
3091 641
1410 2052
1696 1585
2657 1198
1481 4433
2418 1567
2150 2695
857 2652
3570 379
1811 4163
1305 2157
2850 1186
3118 635
81 3193
3604 330
2238 1014
3376 1872
643 76
282 358
947 118
1757 4309
889 3879
3596 1581
4865 684
82 3496
2804 1043
3854 4881
3055 662
3739 1598
751 335
1039 3746
1411 3243
651 2820
308 897
1594 1684
2425 3234
2401 1616
2662 2348
3481 895
2664 1457
484 261
2422 1550
1395 4588
3724 6
1351 2736
1049 2473
3932 1359
3268 1845
4216 4491
2155 1109
2707 2762
3798 1569
3587 375
3752 2306
1485 3203
1539 4396
1778 3534
3295 478
4742 1344
2214 1791
2832 735
1802 2905
2385 3273
1073 4422
4442 851
1369 2065
477 655
4200 1078
1026 3755
2679 763
2074 3275
3815 1548
1030 2501
2023 3307
2578 3035
47 4506
649 3281
440 3010
3613 1526
3808 29
431 3104
799 2697
2248 3781
1382 2056
1538 4402
1933 1799
1586 3800
3986 1325
2452 2461
407 2987
1114 3650
1985 1756
2514 3759
3665 207
1143 2423
3688 165
411 3482
3073 2743
2202 3877
2363 1618
2562 3678
2660 2365
4188 1091
3696 149
2757 2725
1934 2122
1076 1131
4643 816
1622 1648
1281 2207
4537 4076
3699 119
2670 2650
4558 1673
3039 2055
4499 4081
585 2784
1226 2399
2927 676
1021 4782
1451 2622
1938 4057
3277 786
2827 3336
365 811
1217 4544
4483 910
4795 690
3769 1472
993 2933
1969 4018
3607 2391
2353 1626
3742 237
311 3057
452 2959
4412 1001
2554 2889
323 3720
892 3032
2564 3591
3705 256
394 754
1828 4257
189 3646
370 3042
1419 2328
2115 2752
1036 2474
1687 1608
3569 410
2197 1023
732 4989
267 4300
1068 3730
533 4038
3358 466
196 275
3027 1849
2944 2950
4339 946
2291 2620
179 3404
470 2977
3137 638
1771 1524
41 4580
4179 1120
672 4917
398 3488
2288 3738
2985 761
550 2825
3382 483
1400 4536
2488 1345
4214 1011
281 4298
180 3122
1633 4256
2469 1403
2875 1099
577 510
3450 1763
2336 2555
4622 3772
2769 2250
1511 3156
3125 2029
2011 2033
236 3390
572 522
447 2999
2057 1246
2911 2104
1188 4169
827 2621
1300 3462
808 2666
800 1914
524 164
3511 527
3221 914
2729 2747
1874 3423
3577 650
3612 1554
2791 2201
3882 98
1469 2536
608 3327
1312 2335
4888 652
3829 4823
4335 1847
2989 1066
511 3412
3310 1810
3150 935
1390 4486
4754 1337
2265 3745
3590 326
4125 1201
743 2806
1517 3897
4759 3465
1661 2232
363 3247
3236 2658
1737 2364
4728 3546
2206 1022
1894 3392
1060 4519
357 3492
2991 664
391 147
3735 242
3780 188
3375 1245
3479 530
2608 844
2961 2895
1727 2026
2076 1925
1142 4332
1999 3989
4528 4248
3372 487
4031 1433
432 4804
1157 4320
3841 1449
2325 929
2266 1723
3671 193
1454 1994
3024 3147
1867 3446
96 369
2313 1589
1841 2865
1503 2316
1266 3501
2807 1288
1381 2628
748 2805
459 100
883 3888
317 4267
514 2946
3633 2379
2596 3536
1191 4160
384 4222
971 4679
1436 2624
867 3077
1273 4093
2010 3904
2577 882
4062 1215
4787 704
3543 392
265 217
4608 657
1331 2100
40 1064
2454 3484
2282 1694
4810 3764
3566 252
2161 3198
2044 3962
573 2917
1462 3937
977 2619
3252 887
3345 726
928 4760
3703 1512
778 4957
3797 163
4521 4891
2489 1326
1572 3121
4055 2041
769 4846
2133 3753
4553 4870
3500 304
2195 3886
1998 2071
1733 3589
1019 4980
1275 4085
4261 1048
1218 518
1173 4701
1204 3559
891 2640
818 3212
612 4008
3401 404
1506 4415
4700 1409
99 4550
262 4307
621 3974
1876 1444
3740 4
497 4112
2053 1929
3095 2043
2919 1077
1698 2129
1943 1765
1967 4131
3549 2413
3014 706
1603 4356
2255 2655
4173 1175
3160 1972
3602 2402
1214 2928
1277 2372
3294 517
3425 464
4867 1323
600 4956
1620 3071
4786 3915
2383 3606
3084 660
3504 528
1873 1831
2694 2244
3322 1878
4928 1223
1991 3356
998 4599
4913 1238
2877 3316
3405 2551
2590 3558
4361 860
4229 4378
257 3377
2755 2278
3615 260
3804 2225
828 258
293 3357
203 4507
4500 1725
1805 4148
981 4661
290 3081
2333 3839
2935 2119
3510 2417
3988 1465
2279 3140
4454 1786
2813 3138
1421 4034
2703 1360
4606 4170
689 388
3523 403
216 4413
2258 3747
3041 1844
1106 2433
1790 1879
106 4430
3242 560
2457 2446
1470 4494
3360 721
1267 4516
4540 710
4644 779
1092 2523
2921 3232
3672 2369
1248 4115
1498 4418
2934 2101
3563 1708
3664 130
4874 3881
1302 4816
1652 3046
1859 2184
1083 3722
3180 2721
1307 2346
220 3592
1505 4393
3466 1018
4414 967
619 2879
3995 1445
3368 1783
3853 2171
4743 549
2541 894
2547 884
2273 952
1720 4234
3233 1974
2648 3363
951 4849
958 4832
2081 3951
1993 1261
4520 904
1647 3068
3571 408
3584 1665
2929 2139
3916 4801
4691 567
4228 4549
1333 4808
1240 2756
4212 1103
1405 4612
4542 4227
1253 4517
3210 594
3760 225
3950 4777
2343 3838
2572 2869
4241 4472
3314 1887
2760 1322
3905 4755
4762 3427
1716 2036
2086 4032
2712 1190
1385 2054
5000 507
1736 2427
943 3858
3938 2118
2942 2087
3512 488
2766 3208
4723 1352
2998 733
156 3436
1606 3083
3826 4897
1579 4295
3085 2051
1079 4365
4165 4428
4651 757
192 4513
2777 1085
543 586
2217 3960
3439 1760
175 4539
127 445
33 4583
1945 2848
2728 2298
3771 4923
3155 617
2455 3799
253 4321
3911 4809
2892 2187
4182 4388
3795 4859
4083 4637
2475 3222
659 3272
3271 788
4048 4884
4592 1510
4192 1086
3842 1533
1475 4447
1401 4614
476 4117
1138 3643
1614 3779
4424 859
2952 2947
453 2937
3200 2002
425 4127
2387 3092
4610 3824
4767 1324
2013 1962
1570 2510
525 3409
105 3754
2107 2753
2896 2175
4208 1056
1044 4547
3464 601
1656 3768
869 3036
3021 3163
1817 4137
2599 881
3136 2021
3477 906
3060 3142
1795 2953
4480 791
4962 1208
898 3876
2284 933
3355 1789
850 2611
1915 1338
298 3581
1368 2654
142 3470
2151 2693
1546 2532
3551 435
2354 2528
303 3323
2221 3173
2529 3448
3033 2830
4143 4639
4051 1317
4231 989
372 3034
4999 596
1729 1988
534 131
713 37
3942 2116
2558 3737
2249 3766
4798 3830
2271 1655
2246 3636
3982 4794
4230 4376
3056 694
2651 2818
4552 4246
1601 3086
3794 171
402 126
2957 2059
3689 161
296 4281
992 3850
2236 3168
2904 2185
4292 4304
3923 2145
1975 2096
4255 1051
2592 2366
213 4467
2570 1320
3887 17
1807 4201
4627 4123
3634 1525
780 3924
918 3020
4703 4011
762 2699
4053 1231
4146 1212
2633 3402
3919 1363
3172 2730
1111 4876
1040 4720
2210 3175
4463 4939
2018 3317
4578 1534
1691 1595
2254 1728
2005 3984
3625 1643
4663 3674
2183 1660
3072 3103
745 4973
3338 1809
406 3177
2301 1651
2240 3893
2345 3651
3870 4835
4210 1949
3976 1491
878 4789
1768 4191
3474 429
4172 4716
2481 2436
2098 1834
2392 3603
1669 4259
3980 4952
2796 1071
4054 2046
2494 3478
4106 1996
4930 3825
1780 1890
526 153
1804 2891
2321 3109
230 4405
4440 4353
3983 4750
1668 2162
3344 2585
1460 2553
2330 3889
3614 284
2070 3280
1353 4800
2540 2414
2124 3913
2764 2274
848 3116
1009 4983
1920 4084
3531 1664
1031 4769
4374 1822
2237 3934
2565 2386
1560 4312
2727 1154
3857 103
2780 3389
3169 2024
2609 3532
1869 4099
4815 687
3248 575
3013 1986
1167 756
4626 593
2349 1627
3682 187
3803 132
544 4037
1473 4482
4226 1946
597 3359
3622 205
1209 3548
873 3891
2675 3461
988 4616
170 3432
4217 997
1140 2397
571 4022
4423 1806
1535 3856
4668 3608
804 2686
3006 663
4243 4448
4653 4833
2822 2634
3883 43
3599 2404
4675 576
4940 3289
3557 380
2394 2471
1127 3647
2519 3458
3774 4882
2645 3388
2216 2676
4253 1065
2103 1706
4205 4976
1854 2281
2264 3158
1892 4071
4869 3892
3802 4966
2955 2907
1413 4450
2887 956
1951 1282
1220 2289
740 3949
1984 2092
1635 2234
52 3505
4898 531
1119 2466
3763 49
917 3859
2069 3953
1741 1955
264 3371
2812 1242
4736 3965
4523 4271
1090 4712
3183 1941
1484 4420
942 4734
4079 4824
4398 4974
3184 1856
1187 4667
4236 4476
4567 4203
3038 1033
2814 3108
4325 1005
2545 3426
4649 3706
3049 2795
61 4568
3733 1504
2575 1297
2143 2734
4510 728
2245 3801
2930 915
3199 4967
3276 1970
4107 1230
4600 4166
2786 3186
2355 3632
4635 4036
819 3181
4704 737
1611 2242
2774 3391
3213 2678
1032 4731
1067 4909
4435 4387
4087 4730
4585 4193
4797 4721
4014 4685
2761 2691
1679 3679
25 535
3017 3178
4748 3533
4594 4197
1735 4207
4391 4386
2941 2082
2739 3398
3718 1599
3434 1777
2883 2191
4434 858
4041 1414
725 3959
4666 4080
937 4852
1374 3342
4790 696
1391 4634
4910 3329
1497 4436
4277 1883
907 3868
3593 1662
251 4394
3162 1961
1004 4803
2799 3149
789 4842
1700 2431
3065 2767
2696 3261
2310 3890
4479 4305
4722 563
2983 3192
4237 976
4176 1978
1954 4007
1139 2838
2988 2063
4119 4595
3489 1715
3018 2859
4706 3572
1836 1843
2740 2737
3411 341
3540 1714
3506 1676
3126 2741
1340 3451
3112 647
2491 3043
3291 545
1769 3567
962 2535
2137 3684
3063 3130
1880 4145
2717 3414
1321 2111
4900 3637
3031 2078
1438 3956
4943 3279
4686 3968
2789 3337
1891 1824
2794 3176
4650 578
3756 4990
2692 2815
2398 3518
4671 1508
4683 1441
2123 1117
62 427
1792 3521
468 3422
4416 4392
1074 4905
3283 741
4903 4642
2720 3219
3852 1437
221 3585
1412 4468
2314 3723
1476 4473
623 2748
1311 4077
495 611
1948 4134
1800 1467
4546 3975
520 2906
963 2531
3421 2543
2878 2179
4828 3348
1008 4586
2003 4058
426 3119
4075 1291
4195 1082
4960 3784
2916 2967
401 128
3197 2008
416 3152
4286 969
1024 2908
4029 4738
1785 4224
3588 2410
4624 3762
3765 4935
2499 2973
1080 4352
3503 846
4778 4773
2311 3537
2208 3847
3441 1740
2390 2493
3728 250
4213 1052
381 3235
2810 1269
4629 4847
1096 3712
1237 4116
505 4090
4278 4432
3786 2230
3514 1670
772 3944
3809 4904
1458 3939
4025 4896
2251 991
1528 3871
501 2975
4582 838
4133 4812
212 3120
2515 3467
2659 3353
4707 3978
4981 4632
4623 620
1115 4873
2682 1453
4437 4946
59 455
1772 3561
900 4872
1719 4245
4752 3483
1968 4098
2303 2613
2381 3097
4460 4121
4282 4421
824 4879
1045 4713
3499 2462
4445 931
4209 4530
2421 1593
4735 4783
2152 3993
8 1196
2293 3132
4514 4280
419 4204
3947 1350
2205 3971
3453 2512
2285 3741
2894 3015
4770 3400
1422 4605
4233 1897
4161 4724
3089 996
4046 4665
3308 1895
1387 3309
2842 2194
1761 4240
4122 1219
2352 2530
405 3206
4289 955
1820 4101
2969 3216
3931 3
1558 4349
2698 2323
2527 2918
3661 168
1688 2147
4532 4250
3090 2742
3166 2738
442 2980
4328 1851
2141 3215
4180 4655
1686 2448
4590 1530
2689 3266
4620 3816
1564 3836
599 2880
2854 2327
2966 2073
1094 2518
4497 1752
1200 4569
2350 3639
2449 1536
4487 4333
3985 2084
2690 2332
1625 4262
2716 3442
2900 2173
4033 4889
4518 4934
2495 3791
1882 3416
4538 4244
4932 3568
2591 1279
999 3822
2874 1148
3468 2480
4855 4680
2668 3333
4152 4625
4189 4630
3190 2700
4571 1610
4329 4284
1628 4285
1788 4175
1907 4136
4618 3818
4508 4283
1913 1813
1285 4512
2477 1392
4654 4831
3855 1417
4469 4118
3326 2644
1881 4096
418 3352
3929 2135
4949 1221
2105 2787
1821 4150
4159 4807
3179 2014
4366 1829
2559 3709
2587 2370
1474 4477
4481 1775
4640 3729
4677 4023
1153 4822
569 4024
1674 3029
2373 3630
2604 1278
2899 2997
1749 4338
1905 3385
1675 3761
2561 3708
353 4223
4931 3806
4919 3623
4017 4669
4922 3621
4264 1896
3220 2661
1953 4043
2019 3973
4211 1947
2630 3515
4648 3710
4959 3528
3420 1798
2095 4021
2860 3022
3749 4970
2856 3047
3907 1492
4091 1244
4657 4088
3834 4806
74 3223
2638 3463
4028 4740
4496 1758
3396 1762
1921 2852
4587 669
1341 4702
4303 4410
2819 987
806 1545
2276 2641
2801 3144
2923 3227
784 270
2845 3062
4584 3902
3807 125
923 154
2329 2556
3002 712
4331 4260
1389 4694
4718 4805
1612 4334
2890 2177
4953 3544
749 4965
4308 4302
4994 3516
4274 4439
4858 3693
3151 2006
4042 2067
3045 2821
4908 1258
4875 1265
739 4854
3383 1764
2170 3909
4689 4015
1420 3217
2841 2382
360 3292
3906 1522
2782 2653
4866 3670
4380 4409
1335 4050
4936 3793
247 4403
3833 4821
4111 4621
4715 3961
4717 1407
4128 4641
2835 2479
2829 3101
1272 4818
792 3908
4688 4040
4766 4774
4064 2040
4784 4725
4933 3324
4375 4129
4452 4379
1521 4370
4902 3628
4327 4975
2048 2792
4817 4714
4348 865
2579 3562
2629 1459
4407 4357
4135 4484
2971 3211
2130 2745
950 2574
2509 3767
3885 1365
2831 2581
143 3445
4772 3926
2159 2680
4502 770
4534 843
4698 4811
2440 3828
2979 3209
3896 4814
3958 4972
4633 4086
4242 4464
4142 1992
3507 1672
1398 4628
2000 4059
4323 1857
1058 4545
4069 4843
3715 95
202 3594
4682 4002
1826 3517
2710 3444
4126 4709
4719 3945
4756 3927
1133 4863
4895 4656
4147 1199
3817 4851
2459 1443
2705 2797
2016 4045
4509 4265
3918 2168
4503 4311
1447 4557
3955 4996
3952 4727
4003 4915
2884 3311
3979 4963
2534 3428
3016 2866
3530 254
4268 4362
4984 4617
3079 693
4779 3921
4929 3611
4489 4293
4199 4556
4005 4744
4273 4446
2833 3328
2163 1680
2837 3320
4945 3554
4791 3912
