2287500
28
103
104
118
128
160
165
192
195
198
273
284
305
324
334
2721
335
345
362
368
381
383
425
450
452
467
487
1303
513
522
581
593
602
620
686
693
703
706
719
774
777
788
790
794
810
837
846
940
954
960
971
984
994
1012
1015
1029
1039
1053
1085
1096
1101
1104
1111
1124
1126
1133
1140
1209
1314
1416
1438
1441
1455
1459
1544
1555
1563
1592
1602
1606
1619
1625
1652
1713
1734
1743
1755
1766
1816
1837
1841
1904
1924
1939
1958
1969
2019
2045
2079
2088
2092
2104
2105
2116
2133
2136
2184
2195
2199
2217
2247
2263
2267
2277
2288
2289
2333
2334
2336
2379
2391
2396
2416
2431
2454
2460
2472
2494
2499
2511
2529
2561
2569
2586
2181
2591
2634
2636
2653
2654
2667
2695
2742
2774
2780
2789
2808
2851
2855
2856
2876
2908
2917
2938
2939
2953
2983
2994
3013
3106
3107
3158
3178
3180
3187
4064
3246
3247
3270
3279
3325
3334
2715
3338
3343
3459
3478
3540
3551
3609
3622
3646
3666
3682
3746
3793
3794
3799
3813
3815
3826
3848
3849
3851
3886
3900
3917
3964
3977
4006
4030
4043
4060
4167
4226
4264
4285
4288
4349
4353
4373
4378
4390
4393
4443
4456
4460
4463
4474
4478
4488
4492
4494
4507
4509
4515
4526
4536
4582
4583
4609
4638
4664
4669
4689
4781
4789
4823
4827
4853
4854
4880
4894
4896
4900
4916
4920
4933
4953
4954
4955
4973
16
25
29
32
35
37
39
43
50
69
71
79
107
112
120
138
153
154
162
163
167
182
185
191
193
202
209
212
213
214
220
223
234
239
243
247
255
259
279
281
285
1554
290
299
300
301
302
303
311
314
323
325
326
327
336
337
346
370
376
377
384
422
435
441
449
456
457
468
475
489
496
498
501
502
503
517
519
4890
526
535
542
552
553
556
559
577
578
588
589
595
604
617
618
622
630
634
643
231
652
656
661
666
669
681
683
690
697
707
721
723
727
728
738
744
745
749
754
758
762
763
765
768
771
784
802
804
822
865
866
869
870
875
876
880
889
892
895
896
902
909
918
922
925
928
929
936
937
943
950
953
959
970
973
977
978
981
993
2595
999
1003
1013
1017
1019
1020
1024
1025
1038
1043
1044
1058
1064
1065
1068
1074
1078
1082
1084
1102
1120
1137
1142
1150
1151
1157
1160
1164
1176
1180
1182
1185
1188
1202
1207
1215
1243
1262
1264
1274
1276
1289
1296
1298
1304
1326
1335
1340
1341
1352
1358
1360
1367
1369
1372
1381
1390
1393
1395
1404
1409
1444
1450
1458
1480
1483
1487
1495
1503
1516
1523
1532
1535
1538
1543
1548
1550
1552
1556
1559
1566
1577
1580
1582
1583
1588
1600
1603
1608
1618
1620
1630
1636
1638
1654
1656
1676
1677
1681
1682
1687
1689
1705
1710
1711
1717
1719
1727
1729
1737
1740
1741
1754
1756
1761
1772
1776
1778
1795
1796
1806
1812
1814
1815
1820
1822
1832
1838
1842
1847
1848
1857
1860
1863
1865
1867
1881
1886
1910
1918
1927
1934
1947
1957
1959
1961
1962
1964
1967
1986
2005
2010
2017
2023
2030
2031
2036
2049
2066
2072
2080
2086
2099
2112
2115
2117
2128
2132
2147
2151
2173
2186
2202
2209
2235
2242
2246
2254
2258
2260
2265
2268
2279
2281
2298
2310
2315
2316
2324
2326
2566
2344
2347
2351
2364
2367
2372
2376
2378
2383
2410
2415
2422
2425
2432
2439
2459
2467
2470
2471
2477
2481
2492
2495
2496
2497
2507
2514
2532
2536
2543
2551
2584
2597
2604
2619
2621
2623
2625
2642
2643
2648
2656
2668
2672
2673
2675
2677
2678
2684
2691
2699
2703
2716
3600
2727
2728
2743
2747
2749
2750
2755
2757
2768
2793
2799
2806
2822
2825
2832
2841
2844
2846
2848
2853
2860
2862
2863
2867
1250
2870
2875
2879
2891
2900
2904
2918
236
2920
2924
2932
2950
2961
2965
2980
2999
3000
1714
3003
3006
3008
3020
3032
3036
3038
3043
3048
3061
3068
3074
3082
3090
3099
3108
3120
3124
3136
3140
3149
3152
4141
3156
3157
3159
3164
3167
3171
3174
3177
3181
3184
3186
3188
3191
3227
3234
3238
3239
3244
3249
3253
3260
3262
3278
3293
3310
3316
3317
3318
3337
3340
3352
3357
3359
3365
3367
3380
3381
3394
3398
3409
3416
3427
3430
3431
3432
3435
3455
3456
3475
3482
3491
3494
3497
3498
3499
3506
3507
3509
3511
3518
3541
3557
3558
3563
3569
3570
3571
3572
3575
3581
3589
3590
3606
3610
3614
3627
3634
3637
3642
3654
3664
3669
3674
3680
3691
3692
3706
3710
3713
3719
3721
3727
3728
3732
3733
3738
3740
3749
3759
3771
3783
3786
3790
3796
3797
3798
3821
3823
3829
3836
3841
3855
3871
3878
3884
3891
3896
3901
3925
3926
3929
3930
3935
3937
3944
3952
3978
3981
3988
3994
4005
4007
4008
4010
4022
4051
4057
4058
4070
4072
4073
4077
4103
4467
4117
4118
4124
4125
4138
4155
4160
4173
4174
4182
4194
4200
4213
4219
4227
1492
4243
4244
4245
4259
4260
4261
4269
4270
4272
4278
4287
4295
4299
4341
4343
4351
4352
471
4359
4363
4365
4374
4385
4388
4398
4399
4402
4404
4408
4411
4426
4436
4442
4462
4484
4486
4491
4497
4508
4510
4528
4539
4540
4542
4554
4570
4574
4575
4585
4592
4600
4607
4613
4616
4617
4629
4633
4634
4637
4645
4646
4653
4661
4677
4679
4684
4688
4691
4697
4701
4710
4728
4741
4743
4761
4762
4763
4767
4768
4769
4788
4799
4801
4802
4803
4815
4822
4825
4830
4833
4838
4839
4841
4849
4856
4857
4879
4883
4891
4897
4901
4926
4927
4929
4940
4942
4945
4949
4959
4962
4967
4979
4982
4985
4989
4996
4999
5
6
10
20
21
26
27
30
40
44
52
57
63
68
72
81
82
89
97
99
101
108
113
114
117
124
126
130
143
147
151
168
679
2930
169
184
189
190
207
210
226
229
232
233
237
238
240
241
254
256
258
261
267
270
272
274
276
278
280
283
287
294
295
308
310
318
328
339
340
341
342
343
348
352
353
359
363
366
371
375
379
385
386
389
392
394
396
397
406
410
411
412
413
417
420
433
437
443
444
447
461
463
464
465
477
480
482
483
485
491
492
494
497
504
507
509
512
525
528
529
530
532
537
538
539
540
543
546
547
548
549
550
551
555
558
568
573
574
575
580
584
586
587
590
594
597
600
603
605
607
615
621
636
625
627
629
637
639
642
644
647
649
657
660
664
671
676
682
687
695
700
704
712
715
722
730
731
735
743
750
751
760
764
769
772
773
3073
775
776
786
792
795
801
805
807
811
814
818
819
820
821
823
825
831
834
836
839
841
847
851
852
855
856
857
862
890
891
905
914
926
934
942
947
958
965
968
986
987
991
998
1000
1010
2828
1011
1018
1021
1028
1031
1033
1034
1042
1045
1056
1063
1079
1083
1089
1091
1093
1100
1103
1106
1108
1110
1112
1119
1122
1123
1145
1146
1152
4116
1155
1161
1162
1165
1169
1170
1171
1172
1174
1178
1183
1187
1189
1190
1191
1193
1199
1200
1210
1212
1213
1216
1219
1249
1251
4203
3046
1253
1254
1255
1261
1266
1269
1270
1273
1277
1283
1291
1293
1295
1308
1311
1313
1316
1318
1330
1333
1337
1342
1343
3192
1344
1345
1347
1351
1353
1355
1356
1363
1365
1368
1374
1377
1384
1387
1402
1406
1410
1420
1427
1439
1445
1446
1448
1454
1456
1460
1468
1473
1481
1484
1491
1497
1499
1505
1506
2596
1510
1512
1517
1521
1525
1526
1540
1546
1551
1557
1567
1570
1576
1579
1581
1586
1590
1596
1601
1611
1616
1623
1624
1634
1635
1643
1644
1651
1658
1659
1662
1663
1664
1666
1670
1671
1673
1683
1686
1688
1695
1696
1699
1701
1702
2404
1703
1708
1726
1731
1744
1750
1758
1763
1765
1777
1780
1783
1786
1788
1800
1803
1805
1807
1811
1817
1819
1824
1828
1852
1853
1855
1856
1864
1869
1873
1878
1880
1883
1888
1889
1891
1892
1899
1902
1903
1908
1912
1913
1916
1919
1921
1932
1933
1945
1950
1953
1954
1968
1973
1974
1976
1977
1979
1980
1990
1997
2006
2015
2016
2018
2021
2024
2039
2041
2042
2043
2048
2050
2052
2057
2060
2063
3264
2068
2070
2075
2076
2084
2090
2093
2100
2101
2106
2109
2120
2121
2123
2127
2134
173
2141
2142
2150
2153
2155
2158
2163
2171
2174
2198
2204
2207
2212
2216
148
2224
2225
2230
2234
2243
2244
2248
2253
2255
2257
2266
2270
2271
2272
2275
2292
2294
2296
2304
2307
2317
2323
2327
2328
3705
2343
2350
2352
2353
2358
2368
2373
2374
2375
2384
2393
2399
2406
2428
2433
2436
2438
2440
2442
2443
2446
2448
2450
2457
2462
2464
2466
2469
2476
2478
2482
2483
2487
2490
2500
2502
2510
2512
2520
2521
2523
2537
2538
2542
2545
4541
2549
2553
2558
2560
2563
2565
2578
2580
2588
739
2589
2593
2600
3019
2615
2629
2630
2633
2635
2647
2649
2650
2651
2652
2655
2657
2658
2659
2662
2664
2671
2674
2679
2690
2692
2701
2704
2713
2720
2723
127
2725
2736
2741
2759
2761
3585
2766
2773
2775
2777
2778
2786
2792
2797
2805
2807
2811
2814
2815
2816
2820
2823
2826
2827
2829
2836
2839
2842
2845
2847
2852
2857
2858
2880
2882
2887
2888
2889
2893
2894
2895
2896
2901
2905
2911
2919
2923
2929
2931
2944
2951
2952
2973
2976
2977
2997
2998
3004
3007
3010
3012
3024
3026
3028
3034
3035
3051
3053
3054
3055
3067
3070
3077
3078
3086
3094
3096
3098
3100
3102
3116
3118
3123
3127
3129
3133
3134
3143
3146
3148
3162
3165
3166
3168
3173
3175
3189
3190
897
3196
3201
3207
3209
3212
3218
3223
3225
3226
3228
3229
3231
3243
3251
3261
3265
3267
3272
3273
3274
3281
3285
3286
3287
3289
3301
3312
3313
3314
3319
3320
3326
3327
3329
3330
3333
3336
3341
3344
3345
3349
3360
3361
3362
3366
598
3374
3389
3390
3399
3408
3418
3419
3420
3421
3425
3433
3445
3447
3450
3454
3458
3460
3461
3462
3463
3467
3470
3471
3474
3476
3479
3480
3502
3514
3515
3519
3521
3522
3525
3530
3536
3546
3548
3550
3552
3559
4126
3565
3578
3582
3586
3592
3605
3607
3608
3611
3613
3615
3619
3621
3623
3629
3630
3643
3644
3656
3657
3660
3665
3671
3678
3684
3686
3690
3693
3697
3699
3712
3715
3716
3717
3718
3722
3729
3731
3734
3737
3742
3744
3747
3750
3752
3754
3767
3779
3784
3787
3806
3807
3808
3809
4059
3812
508
3827
3831
3840
3850
3852
3854
3856
3857
3861
3862
3863
4871
4489
3874
3876
3881
3882
3887
3893
3895
3902
3904
3905
3908
3909
3912
3913
3915
3919
3920
3940
3941
3945
3947
3950
3954
3957
3966
3968
3972
3974
3976
3982
3989
3991
3996
4002
4009
4011
4017
4020
4031
4038
4040
4050
4061
4066
4071
4074
4080
4089
1418
4090
4092
4099
4100
4107
4108
4110
4111
4112
4115
4119
4123
4128
4130
1153
4134
4135
4136
4139
4142
4144
4147
4149
4153
4154
4157
4158
4161
4164
1762
4171
4178
4179
4185
4186
4188
4190
4191
4192
4199
61
4201
4218
4221
4231
4233
4235
4248
4254
4255
4256
4257
4263
4265
4266
1366
4267
4274
4291
4293
4298
4305
4317
4319
4322
4325
4331
4334
4339
4346
4348
4354
4356
4362
4369
4371
4380
4381
4384
4392
4405
4409
4415
4418
4421
4423
4424
4427
4428
4430
4432
4435
4437
4438
4440
4441
4444
4447
4448
4451
4454
4455
4465
4466
4470
4481
4499
4501
4506
4516
4520
4521
4525
4527
4533
4534
4535
4537
4538
4545
4548
4555
4556
4559
4560
4562
4564
4566
4567
4573
4576
4578
4580
4584
4587
4590
4591
4599
4601
4602
4608
4621
4623
4628
4635
4641
4648
4655
4660
4665
4667
4671
4674
4685
4687
4708
4711
4725
4732
4733
4734
4737
4747
4749
4751
4753
4773
4775
4779
4782
4786
4790
4792
4798
4806
4807
4814
4816
4826
4829
4832
4834
4843
4846
4847
4855
4875
4876
4878
4882
4888
4902
4908
4914
4921
4924
4930
4931
4932
4934
4943
4964
186
4969
4980
4981
4984
4986
4991
4997
5000
3
9
13
15
18
19
36
42
45
976
46
53
54
62
70
73
74
76
77
87
88
90
92
98
100
109
110
111
115
1466
119
136
139
141
2834
142
145
146
149
161
170
172
174
175
176
179
180
181
188
194
197
203
205
215
217
219
222
230
235
245
257
263
264
271
288
293
297
316
322
333
349
350
364
367
372
373
390
395
404
409
2097
423
426
427
428
431
432
438
448
453
458
470
473
479
484
2390
500
506
511
518
520
527
544
557
560
3302
565
572
583
592
610
611
612
623
2078
628
631
633
640
645
646
648
662
663
665
668
674
680
685
698
699
701
708
1361
709
714
716
717
725
732
733
734
737
740
742
746
747
748
759
767
2936
778
779
780
791
796
799
800
808
809
812
816
824
826
828
829
832
833
844
845
1631
848
1966
850
853
854
859
860
861
863
867
872
878
881
893
899
900
901
910
913
917
923
924
927
931
932
933
938
939
945
946
956
966
972
975
979
982
989
992
997
1002
1006
1007
1009
1023
1026
1036
1041
1051
1054
1055
1059
1061
1069
1070
1071
1072
1075
1076
1087
1088
1092
1097
1098
1116
1117
1118
1127
1128
1131
1134
1135
1143
1148
1149
1154
1159
1163
1175
1179
1181
1195
1196
1197
1198
1208
1211
1220
1223
1228
1233
3694
1234
1236
1237
1238
1240
1241
1242
1245
1247
1257
1260
1263
1265
1275
1279
1305
1307
1309
1310
1317
1321
1323
4081
1349
1350
1357
1359
1364
1370
1373
1376
1380
1386
1397
1400
1401
1408
1411
1413
4315
1415
1419
1421
1429
1430
1432
1436
1437
1440
1443
1447
1449
1452
1462
1463
1467
1469
1470
1474
1477
1478
1482
1488
1489
1496
1501
1502
1504
1507
1509
1511
1513
1514
1522
1529
3040
1531
1533
1534
4778
1545
1549
1560
1562
1564
2177
1565
1568
1575
1585
1594
1599
1604
1607
1609
1613
1615
1617
1626
1629
1633
1639
1642
1650
1657
1665
1668
1679
1684
1691
1694
1697
1707
1709
1716
1722
4180
1723
1728
1733
1736
4429
1746
1748
1757
1773
1774
1775
1779
1784
1785
1790
1797
1798
1802
1804
1808
1809
1813
1825
1826
1830
1836
4391
1845
1846
1849
1868
1870
1871
1874
1884
1894
1895
1896
1897
1900
1905
1911
1922
1925
1926
1930
1941
1944
1946
2508
1948
1955
1963
1970
1972
1975
1978
1982
1984
1987
3547
1988
1989
1993
1994
1995
1996
1998
2008
116
2011
2014
2022
2026
2028
2032
2037
2044
2046
2056
2058
2062
2065
2069
2071
2074
2077
2087
2095
2096
3436
2107
2110
2122
2124
2125
2129
2131
2138
2139
2143
2145
2148
2149
2156
2157
2161
2164
2166
2167
2168
2172
2182
2185
2189
2194
2203
2208
2213
2215
2219
2220
2221
2223
2228
2231
2232
2233
2236
2239
2241
2250
2259
2282
2283
2284
2285
2299
2300
2303
2305
2309
2312
2325
2329
2330
2331
2332
2341
2346
2348
2356
2357
2361
2362
2369
2381
2385
2387
2388
2389
2395
2397
2402
2403
2405
2407
2408
156
2411
2412
2423
2426
2445
2452
2455
2484
2485
2488
2493
2501
2505
2513
2515
2516
2518
2522
2525
2531
2533
2539
2541
4258
2550
23
2559
2572
2573
2575
2577
2579
2982
2582
2592
2606
2608
2613
2617
2620
2624
2626
2632
2638
2641
2665
2669
2676
2682
2683
2688
2694
2697
3271
2698
2705
2706
2709
2710
2712
2718
2724
2726
2731
2734
2738
2745
2746
2748
2756
2762
2770
2776
2779
2784
2785
2788
2791
2794
2798
2800
952
2809
2812
2813
2821
2824
2831
2837
2838
2840
2849
2854
2864
2865
2866
2871
2872
2881
2885
2886
2898
2899
2906
2907
2912
3708
2913
2915
2916
2933
2934
2941
2942
2943
2954
2955
2960
2964
2968
2971
2974
2978
3203
2979
2981
2986
2989
2990
2991
2993
3005
3014
3015
3017
3029
3031
3033
3042
3044
3050
3059
3062
3071
3079
3080
3084
3085
3089
3092
3093
3104
3109
696
3110
3113
797
3114
3115
3117
3119
3121
3125
3130
3137
3139
3141
3144
3147
3150
569
3153
3154
3170
3179
3197
4344
3200
3219
3236
3237
3240
3241
3245
3256
3258
3269
3277
3280
798
3282
3284
3288
3290
3295
3297
3304
3306
4239
3307
3309
3311
3328
3332
3335
3342
3347
3351
3355
3363
3371
3379
3384
3387
3388
3392
3395
3402
3404
3405
3412
3703
3415
3423
3428
3434
3437
3438
3446
3448
3452
3453
3465
3468
3477
3486
3487
3492
3495
3505
3512
3523
3535
1597
3544
3867
3553
3555
3560
3567
3568
3573
3584
3588
3594
3601
3604
3616
3617
3618
3620
3624
3625
3626
3633
3638
3639
3641
3645
3650
3651
3652
2013
2535
3653
3659
3668
3683
3685
3687
3689
3695
3701
3707
3709
3711
1678
3723
3725
3726
3735
3736
3745
3755
3757
3764
3765
3773
3776
3778
3781
3782
3803
3811
4971
3814
3816
3817
3818
3819
3820
3822
3825
3837
3838
3839
3842
3859
3860
3864
3865
3866
3869
3883
3894
3897
3903
3907
3910
3914
3927
3928
3933
3939
3953
3961
3962
3963
3965
3969
3975
3980
3983
3985
3992
3993
3997
3999
4000
4013
4014
4018
4021
4028
4029
4033
4035
4049
4065
4068
4069
4075
4076
4078
4087
4091
4096
4098
4102
4106
4114
4127
4131
4132
4137
4140
4145
4172
4175
4176
4177
4183
4187
4189
4195
4197
4202
4207
4209
4211
4212
4214
4216
4217
4237
4238
4241
4246
4250
4251
4276
4279
4284
4289
4290
2526
2574
4296
4302
4307
4309
4311
4313
4326
1428
4327
4332
4333
4340
4345
4360
4361
4367
4370
4379
4386
4389
4394
4400
4401
4403
4407
4410
1320
4413
3233
4416
4433
4434
4439
582
4449
4457
4459
4461
4464
4475
4483
4498
4505
1669
4519
4530
4547
4549
4550
4565
4568
4572
4579
4586
4589
4603
4605
4611
4612
4614
4619
4622
4630
4636
4650
4652
4658
4668
4680
4681
4683
4690
4692
4695
4696
4698
4704
4705
4706
4707
4718
689
4719
4721
4726
4727
4729
4739
4740
4746
4748
4750
4752
4756
4758
4765
4772
4780
4783
4784
4791
2251
4796
4797
4808
4809
4810
4812
4820
4821
4835
4836
4840
4852
4860
4868
4869
4881
4886
4887
4899
4904
4905
4918
4923
4935
4936
4938
4939
4941
4947
4948
4951
4956
4958
4961
4970
4975
4977
4990
4992
4998
2
4
7
8
11
14
17
33
34
41
47
48
49
60
65
67
75
84
86
91
93
95
102
106
121
122
1952
125
132
134
140
150
155
159
164
166
178
187
201
330
216
218
244
249
251
260
275
282
286
296
309
312
315
317
319
321
331
332
338
344
351
356
360
378
391
401
403
405
407
408
414
416
421
434
439
445
454
462
472
478
481
486
490
493
495
499
515
516
524
531
533
534
536
554
561
562
567
570
571
576
608
609
624
626
632
638
641
654
655
658
741
667
684
710
711
713
718
726
729
755
757
761
766
770
782
783
803
806
813
815
817
827
830
835
840
843
858
868
873
874
877
882
887
894
898
907
915
920
921
930
935
944
949
955
961
962
967
969
983
988
996
2144
1001
1008
1014
1022
1027
1030
1037
1046
1047
1049
1050
1052
1057
1060
1062
1095
1107
1115
1121
1129
1130
1132
3500
1147
1158
1166
1173
2740
1186
1203
1204
1214
1218
1221
2029
2038
1222
1224
1225
1226
1227
1232
1235
1929
1246
1256
1258
1267
1268
4450
1278
1282
1285
1287
1288
1290
1292
1302
1312
1315
1319
1322
1324
1328
1339
1378
1379
1383
1385
2261
4419
1398
1405
3135
1412
1861
1417
1422
1423
1425
1433
2843
1435
2349
1442
1461
1465
1471
1472
1476
1494
1498
1500
1527
1528
1536
1539
1542
1558
1569
1574
1578
1587
1595
1598
1610
1612
1627
1632
1637
1647
1660
1661
1674
1675
1690
1692
1700
1712
1715
1718
1724
1738
3986
691
1742
1745
3052
1760
1764
1768
1770
1787
1792
1793
1794
1799
1821
1823
1827
1829
1833
1834
1835
1840
1850
2877
1862
1866
1872
3056
1876
1879
1887
1890
1901
1907
1909
1917
1920
1928
1936
1937
1938
1942
1956
1965
1985
2000
2009
4496
2012
2020
2027
2035
2040
2047
2051
2053
2059
2061
2064
2081
2083
2085
2089
2102
2103
2113
2114
2118
2119
2130
2137
2152
3195
2154
2159
2160
2170
2175
2176
2183
2190
2191
2192
2196
2206
2214
2218
4420
2237
2249
2262
2269
2276
2278
2291
2295
2301
2302
2308
2313
2320
2337
2338
2339
2345
2354
2359
2360
2363
2366
2370
2380
2382
2386
2400
2413
919
2414
2417
2418
2419
2424
2427
2429
2434
2441
2444
4804
2449
2458
2463
2465
2474
2479
2480
2486
2504
2509
2517
2519
2534
2544
2555
2556
2557
2567
2576
2581
2585
2594
2603
2605
2607
2610
2611
2614
2627
2639
2640
2644
2645
2646
2661
2663
2666
2670
2681
2685
2686
2700
2707
2708
2711
4286
2717
2722
2729
2730
2609
2735
2739
2744
2753
2754
2764
2765
2771
2795
4487
2810
2818
2833
2835
2859
3533
2868
2897
2903
2909
2914
2921
2926
2940
2947
2948
2949
2957
2958
2959
2962
2967
2969
2984
2985
2987
2988
2992
2995
2996
3009
3011
3016
1943
3018
4606
3021
3022
3025
3027
3039
3041
3047
3049
3060
3063
3065
3066
3069
3072
3076
3083
3087
3097
3112
3122
3128
3131
3138
3145
4978
849
3151
3163
3169
3176
3183
3185
3194
3199
3202
3206
3208
3221
1648
3230
3235
3254
2598
3266
3268
3275
3283
3294
3296
3298
3299
3303
3308
3315
3322
3323
3331
3346
3348
3354
3358
3368
3378
3382
3386
3391
3397
736
3401
3407
3413
2628
3414
3424
3440
3441
3442
3443
3449
3464
3472
3481
3485
3488
3489
3496
3410
3503
3504
3508
3513
3517
3528
3529
3531
3532
3539
3543
3545
3554
3561
3562
3564
3574
3579
2229
3583
3587
3596
1113
3598
3599
3635
3636
3648
3655
3658
3662
3663
3670
476
3673
3675
3676
3677
3679
3681
3698
2530
3702
3714
3720
3730
3739
3748
3758
3761
3768
3769
3770
3772
3775
3777
3788
3795
4511
3805
3810
58
3828
3830
3833
3843
3844
3845
3846
3868
3872
3875
3888
3889
3890
3892
3898
3899
3906
3918
3923
3924
3932
3938
3942
3946
3948
3951
3958
3959
3960
3979
4252
3984
3990
3998
4001
4004
4012
4019
4024
4025
4042
4046
4052
4055
4063
4084
4500
4085
4095
4097
4113
4121
4148
4152
4156
4159
4162
4163
4165
4166
4169
4181
4222
4196
4198
4205
4206
4228
4240
4242
4247
4249
4262
4268
4280
4297
4303
4304
4306
4312
4316
4320
4321
4324
4337
4338
4347
4358
4364
4366
4375
4377
4395
4414
4417
4446
4452
4453
4458
4168
4898
4472
4473
4476
4502
4503
4518
4524
4531
4532
4544
4546
4551
659
4552
4553
4563
4569
4571
4577
4593
4595
4598
4615
4620
4625
4627
4632
4640
4643
4647
4654
4657
4670
4672
4597
4675
4676
3593
4682
4686
4700
4712
4713
4714
4716
4720
4730
4736
4754
4755
4757
4764
4771
4776
4793
4794
4795
4109
4800
4817
4831
4863
4864
4866
4872
4874
4892
4909
4911
4912
4917
4922
4925
4928
4946
4952
4966
4983
4987
4988
4993
4994
4995
12
24
31
38
56
585
59
64
3213
78
80
83
131
144
152
157
158
171
196
199
200
204
208
211
221
227
248
253
262
268
289
291
2245
304
306
307
599
313
320
4588
347
357
361
365
369
374
380
387
3971
388
398
399
400
402
418
424
436
4397
440
442
451
455
4225
459
466
474
488
514
523
541
591
4870
596
1327
601
606
614
619
650
651
670
675
677
705
785
787
789
793
838
842
871
884
885
4406
886
903
906
908
4143
911
948
951
957
1336
963
974
985
2227
990
1004
1048
1066
1067
1077
1086
1094
1099
1105
1125
1136
1139
1141
1144
1156
1167
1168
1177
1184
1192
1201
1206
1231
1239
1259
1769
1271
1272
1280
1281
1297
1300
1325
1329
1331
1332
1338
1346
1371
1375
1392
1399
1403
1414
1424
1431
1451
1464
1475
1479
1485
1486
1519
2377
1524
1537
1541
1547
1572
1584
1589
1591
1593
1605
1622
1628
1640
1641
1553
1646
1649
1653
1655
1667
1672
1685
419
1698
1721
1730
1732
1735
1739
1747
1749
1751
1759
1771
1791
1810
1831
1839
1851
1858
1882
1885
1893
1915
1931
1940
1949
1999
879
2365
2001
2002
2003
2004
2007
2033
2054
2055
2067
2073
2082
2094
2098
2111
2140
2162
4844
2169
2179
2180
2187
2197
2201
2205
2211
2226
2238
2240
2264
2274
2293
2297
2306
4210
2314
2318
2319
2321
2340
2342
2355
2392
2394
2401
2430
2435
2456
2461
2468
2473
2475
2491
2503
2506
2524
2554
2562
3103
2564
2571
1389
2583
2590
2601
2616
2618
4056
1983
2631
2693
2696
2702
2733
2751
2752
4610
3526
2758
2760
2763
2769
2783
2796
2802
2804
2817
2819
2830
2861
2873
2874
2878
2892
4919
2910
2922
2928
2937
2945
4906
2946
2963
2966
2970
2972
2975
3001
3534
3002
3045
3058
3064
3081
3091
3095
3321
3105
3126
3132
3172
3193
3205
3210
3211
3215
3220
3232
3242
3248
3250
3252
3257
3259
3276
3300
3305
3324
3339
3350
3353
3364
563
3369
3373
3376
3377
3383
3385
3403
756
3411
3417
3422
3426
4865
3473
3484
3493
3501
3510
3524
3527
3538
3542
3556
3576
4735
3580
4618
3595
3602
3628
3631
3632
3640
3647
3649
3688
3696
2311
3700
3724
3743
3756
3762
3763
3766
3780
3785
3789
4903
3791
3792
3801
3832
3834
3847
3853
3858
3880
3885
3916
3921
3922
3931
3934
3936
3949
3970
3973
4015
4016
4026
4027
4037
4062
4067
4079
4088
4101
4104
4146
4151
4193
4208
4223
4224
4230
4232
4253
4281
4282
4283
4292
4294
4300
4301
4308
4323
4328
4330
4335
4355
4357
4368
4372
4376
4382
4387
4396
4412
4422
4425
4431
4468
4471
4477
4479
4482
4485
382
4490
4512
4514
4522
4581
4594
4624
4626
4631
4639
4642
4649
4651
4673
4678
4693
4703
4715
4717
4724
355
4731
4738
4742
1138
4745
4759
4766
4770
4774
4777
4787
4805
4893
4813
4819
4824
4828
4837
4845
4850
4867
4877
4937
4960
4968
4972
4974
4976
298
1
22
51
55
129
133
137
177
183
228
242
246
250
252
265
269
277
292
329
415
430
446
460
469
505
510
564
566
613
653
672
4150
673
678
688
692
694
724
752
753
912
916
941
964
980
995
1005
1035
1040
1080
1081
1109
1114
1194
1229
1230
1244
1248
1252
1284
1286
1294
1299
1306
1348
1382
1391
1394
1396
1407
1426
1434
1960
1453
1457
1508
1515
1571
1706
1720
1752
1753
1767
1782
1789
1801
1844
1859
1898
1914
1935
1951
2612
1981
1991
2447
1073
2025
2034
2091
2108
2135
2146
2178
2200
2210
2252
2280
2286
2287
2335
2371
2409
2420
1520
2421
2453
2527
2528
2547
2548
2552
4915
2599
2602
2637
2687
2714
2719
2732
2737
2772
2781
2782
2790
2801
2803
2850
2869
2883
2884
720
2890
2902
2925
2927
2935
3057
3075
3088
3111
3142
3160
3161
3204
3214
3216
3217
3224
3263
3292
3356
3370
3393
3396
3406
3439
3444
3451
4895
3466
3469
3483
3490
3516
1877
3520
3537
3549
3566
3577
3591
3612
3667
4760
3672
3741
3751
3760
3802
3804
3835
3870
3873
3879
4082
3911
3943
3955
3956
4034
4036
4041
4044
4045
4048
4054
4083
4093
4094
4105
4120
4122
4129
4133
4204
4220
4234
4236
4273
4310
4314
4342
4383
4445
4469
4493
4495
4504
4517
4543
4558
4561
4596
4604
4644
4656
4699
4702
4709
4723
4744
4785
4811
4818
4842
4851
4859
4861
4862
4873
4884
4885
4889
4910
4950
4957
4963
4965
66
85
96
123
135
4329
206
224
225
358
393
429
635
702
864
883
888
1032
3995
1090
1205
1217
1388
1490
1493
1518
1530
1645
1680
1704
1781
1843
1875
1923
1992
2126
2165
2193
2256
2273
2290
2322
2489
2546
2568
2570
2622
2660
2787
3030
3037
3101
3155
3182
3198
3222
3255
3291
3372
3375
3400
3457
3603
3661
3704
3800
3824
3987
4023
4039
4047
4053
4170
4184
4229
4271
4275
4277
4318
4659
4336
4480
4529
4557
4663
4666
4694
4722
4848
4858
4944
94
266
354
616
781
1016
1301
1354
1362
1561
1573
1621
1693
1725
1818
1854
1971
2188
2398
2437
2498
2540
2587
2680
2767
3023
3429
3597
3753
3877
3967
4003
4350
4513
4523
4662
4907
4913
521
579
904
1334
2451
3774
4032
4086
4215
105
545
1614
1906
2222
2956
2689
