412500
80
105
116
149
185
263
275
278
281
346
352
371
376
379
430
434
446
467
485
493
498
515
568
569
653
668
701
725
762
771
792
983
800
808
812
838
865
899
903
913
915
923
947
971
993
1
7
8
9
33
37
42
52
55
69
75
83
85
92
94
100
111
119
129
136
138
139
148
152
158
161
165
169
175
186
193
212
232
237
239
245
248
264
283
286
305
316
323
326
329
333
342
343
344
350
354
366
385
400
406
414
449
456
461
464
474
475
477
490
499
514
531
533
556
559
562
564
570
573
575
578
585
598
811
599
606
613
181
637
639
640
655
669
671
677
680
682
685
692
693
702
709
710
711
712
715
726
729
734
753
777
778
782
802
833
834
835
837
841
862
885
912
844
917
924
717
928
932
935
940
942
960
966
967
970
973
975
977
987
995
10
26
28
30
31
36
40
49
56
61
64
68
73
77
81
84
93
95
96
103
106
126
128
130
131
137
143
156
157
162
171
172
173
178
180
183
187
191
201
202
205
208
256
213
214
222
226
228
230
250
251
262
269
272
276
290
294
296
297
301
306
312
314
319
6
320
322
328
330
335
341
349
351
358
361
363
373
375
377
381
382
383
384
387
395
405
409
413
415
416
417
425
426
427
444
445
448
455
463
466
484
486
487
501
506
510
518
520
524
525
530
532
534
535
536
542
544
546
548
553
576
579
588
590
592
594
600
605
609
622
626
631
634
649
651
652
654
663
664
665
104
672
683
684
690
696
700
703
708
713
716
719
728
730
742
743
744
747
761
773
775
783
787
793
797
798
801
805
806
807
809
815
816
821
828
832
836
839
572
840
842
845
850
852
854
860
863
866
873
875
495
878
879
880
881
886
896
897
910
914
919
929
930
179
933
937
938
952
955
958
961
963
965
972
974
982
988
991
997
999
2
3
5
20
22
25
27
39
41
47
51
58
60
62
65
67
71
78
82
87
90
91
97
102
110
113
115
949
118
120
123
127
140
144
146
147
150
155
163
188
189
190
197
199
204
207
209
211
218
219
220
221
224
225
229
231
234
236
238
243
244
252
253
254
259
267
859
268
280
282
285
289
295
303
307
309
310
311
313
315
318
327
332
339
348
355
357
360
362
367
369
374
389
391
392
397
401
411
418
424
428
438
439
460
469
470
472
476
479
482
491
492
497
500
507
508
511
513
516
517
519
522
527
541
543
545
549
550
554
557
560
566
567
581
584
586
587
595
596
601
603
604
615
618
619
620
629
641
642
645
646
650
658
659
662
673
674
678
679
101
990
681
686
688
691
694
695
704
706
714
720
722
727
736
738
739
740
741
748
759
764
450
767
769
772
774
781
784
790
791
794
796
799
803
804
810
827
813
817
819
824
825
843
846
847
851
856
857
858
864
867
868
869
870
871
882
888
889
891
894
900
902
904
906
908
909
920
925
936
941
944
945
946
951
954
956
957
976
978
985
994
998
1000
4
11
13
14
17
18
19
21
766
29
35
44
217
45
48
53
54
57
63
70
72
76
79
99
521
121
122
124
134
135
142
151
153
154
164
166
167
170
174
177
182
194
195
196
200
203
206
210
215
216
223
233
240
246
247
255
261
265
273
274
287
288
291
298
299
300
304
321
325
331
334
338
347
356
359
364
368
372
378
380
386
396
403
404
419
422
429
431
432
435
440
441
442
443
447
452
454
465
468
471
473
478
489
494
496
504
509
538
539
551
552
555
561
565
574
591
602
607
608
610
412
611
612
617
623
625
628
632
633
635
647
660
667
670
675
699
705
707
737
745
749
750
751
752
755
763
765
770
776
785
795
814
829
848
853
861
874
887
895
901
907
918
921
922
934
939
943
948
953
962
969
984
986
989
992
15
24
32
34
399
43
59
66
74
88
89
98
109
117
141
145
160
184
192
198
227
235
241
242
249
257
270
277
292
302
317
324
336
337
340
345
388
390
402
407
408
421
423
453
458
462
480
481
488
503
505
512
523
526
540
547
563
582
583
589
593
597
614
697
627
630
643
648
657
661
666
676
687
689
721
731
756
758
760
768
779
780
788
789
820
822
826
830
831
849
855
876
877
892
898
905
911
916
950
964
979
980
996
12
16
38
86
107
114
125
133
168
176
258
260
271
293
308
353
370
393
394
420
436
437
451
459
528
529
558
571
577
616
624
636
644
656
724
732
746
754
757
823
872
883
884
926
927
968
23
718
50
108
112
159
284
410
457
483
502
580
621
638
698
733
735
786
893
931
981
46
132
279
365
537
723
818
890
959
266
398
433
