2628800
1
671
697
474
103
879
10
764
241
916
403
526
693
776
116
407
502
274
224
598
543
688
69
770
148
163
578
589
45
715
443
647
982
940
611
325
327
213
199
963
707
609
331
426
79
835
918
801
357
795
993
819
134
957
297
340
907
383
877
727
473
189
175
587
420
6
371
447
141
393
920
566
83
969
177
793
833
851
798
231
827
388
700
414
572
628
994
40
191
139
304
856
944
178
491
49
253
444
789
677
319
767
394
946
290
201
929
886
862
482
63
637
641
563
597
408
800
951
219
989
144
699
309
316
55
631
100
666
639
537
796
761
205
438
608
322
953
701
110
730
289
29
621
478
541
891
441
215
99
429
358
385
313
749
454
308
875
971
852
117
459
200
685
544
669
490
182
983
472
386
476
111
471
610
207
523
996
121
809
582
381
733
984
784
705
739
415
711
807
38
188
955
668
797
23
834
17
762
670
101
824
522
295
981
85
799
773
493
311
812
44
118
98
692
312
137
310
975
262
649
367
999
618
211
22
82
549
261
624
925
979
128
790
405
133
970
387
469
190
59
67
497
859
284
591
848
913
662
550
375
600
75
928
757
87
217
952
696
873
125
712
21
709
881
710
565
412
460
818
449
86
592
88
106
149
157
194
646
298
926
485
792
945
25
915
865
400
351
708
721
785
658
209
336
987
286
413
755
451
580
395
585
105
154
811
401
826
115
349
113
402
871
452
153
281
48
822
248
889
529
43 462
583 645
630 416
906 872
216 390
911 867
684 140
421 734
263 135
825 752
781 13
719 66
874 586
56 595
467 821
306 900
256 254
430 717
159 354
220 378
606 720
76 557
51 863
687 162
246 698
885 893
706 779
695 301
488 810
150 437
735 446
616 334
97 551
352 94
3 973
251 249
934 230
174 428
498 84
555 37
898 258
644 574
70 575
759 419
36 345
206 404
314 185
617 601
15 508
732 457
633 366
102 521
184 422
282 642
772 273
524 423
235 277
579 425
866 602
538 299
703 123
477 643
360 181
369 167
355 620
417 112
635 397
160 294
287 212
603 627
195 62
8 569
226 326
266 223
949 533
136 398
445 109
32 614
667 547
35 356
651 335
323 233
391 748
456 883
151 496
320 756
864 930
343 567
192 694
250 4
227 370
342 193
505 341
376 450
744 691
361 155
379 897
702 806
208 743
948 726
218 54
165 291
820 305
442 435
676 536
681 532
329 197
61 860
489 780
50 985
126 787
516 53
27 506
348 179
992 418
738 39
507 60
515 530
221 718
24 28
239 232
278 89
131 466
831 279
802 382
20 42
980 902
932 765
931 745
782 399
912 837
364 147
869 965
775 411
146 296
81 173
910 584
655 577
164 427
170 424
431 888
689 500
236 31
180 410
986 665
514 605
47 344
959 511
830 196
234 332
673 272
93 638
377 995
363 901
68 917
439 483
978 599
974 679
244 259
65 750
374 1000
531 527
672 558
318 956
11 936
847 130
389 843
269 242
960 504
650 604
350 145
844 71
613 652
937 683
976 914
176 285
972 468
18 899
172 275
260 991
769 878
257 648
124 158
484 107
34 16
561 264
169 73
849 947
186 777
519 7
540 753
183 268
841 91
892 923
656 556
302 997
14 384
816 829
396 943
64 222
518 760
74 338
300 576
808 333
570 663
470 653
788 634
814 156
243 26
225 237
542 758
210 742
593 746
517 12
228 359
560 5
270 682
938 568
380 138
166 95
988 596
607 661
740 880
432 143
660 202
751 680
615 245
815 365
823 229
713 492
714 778
509 771
654 933
520 766
30 884
276 678
503 372
990 455
368 33
353 622
895 922
854 114
552 664
288 674
406 890
453 104
528 998
737 768
588 887
120 846
839 142
728 495
461 882
964 723
499 783
966 72
675 545
903 2
9 46
171 803
57 861
581 961
77 203
265 968
448 409
161 132
623 307
475 840
950 629
328 657
804 252
935 954
52 942
346 562
108 317
525 763
238 315
640 204
392 554
337 636
838 625
283 967
736 436
876 122
535 41
479 571
659 573
619 958
321 924
458 373
857 129
324 921
214 58
704 293
434 494
594 632
927 962
626 870
92 853
464 850
716 280
255 690
481 553
433 539
842 187
725 919
168 80
590 362
534 754
896 908
513 303
909 747
729 894
741 440
904 240
868 96
486 836
612 339
722 774
791 271
548 724
480 813
546 510
786 347
805 198
941 90
817 292
501 19
512 330
939 564
465 832
845 267
794 127
78 858
905 977
152 828
247 686
731 463
119 855
559 487
