4764800
38
452
87
653
589
787
195
28
809
126
891
888
826
638
40
521
11
919
329
960
860
433
511
2
644
584
527
487
586
885
44
687
197
726
758
617
743
489
812
439
18
208
14
742
64
300
623
251
31
935
748
801
520
483
204
953
528
365
817
870
484
640
119
132
820
647
571
270
581
375
808
573
728
396
60
630
557
608
335
519
729
32
763
505
101
941
49
592
372
898
265
695
405
805
719
233
189
234
174
66
136
835
131
263
847
546
615
278
686
351
113
602
479
349
266
944
698
285
796
654
133
881
621
929
936
892
74
404
745
95
317
850
462
753
598
537
659
253
106
994
292
851
714
795
275
956
991
594
97
307
806
178
37
196
477
709
781
192
730
160
852
435
569
83
447
880
611
314
363
990
413
295
331
339
768
711
646
744
146
842
939
279
829
6
776
51
389
765
958
816
243
492
512
176
525
90
388
207
697
15
237
325
41
122
47
247
450
474
457
737
987
115
783
417
822
980
906
387
950
226
284
840
688
739
1
156
886
29
127
735
819
99
577
802
201
827
255
140
724
152
109
961
268
934
930
959
107
710
893
75
560
259
878
10
124
240
628
149
566
907
969
867
370
862
108
908
764
495
610
114
456
103
482
323
53
506
858
713
963
77
538
692
286
280
110
770
353
663
120
465
747
823
215
398
415
625
603
200
130
814
468
874
718
230
517
493
887
141
272
352
169
467
86
570
326
121
633
308
360
81
872
848
544
997
311
453
52
839
218
995
550
309
684
973
333
561
442
556
225
978
181
180
683
917
587
618
516
636
897
600
755
144
22 988
738 232
789 358
368 76
899 379
84 244
63 338
507 499
313 17
316 4
700 496
45 332
400 508
262 71
341 27
153 246
562 716
676 179
671 833
50 276
774 364
722 721
135 186
7 183
902 303
269 147
733 563
94 690
553 866
310 580
73 254
824 502
374 515
821 88
931 993
199 203
340 167
656 209
25 384
302 741
162 85
148 250
869 438
510 903
361 42
297 211
118 828
235 48
33 971
294 346
914 89
380 8
356 139
281 434
138 102
407 815
551 873
459 679
466 36
315 932
455 707
410 965
79 245
799 312
613 620
62 440
298 96
558 734
443 830
841 70
513 449
35 177
390 54
238 715
957 979
785 125
491 634
224 80
639 342
155 175
761 395
976 350
658 490
650 531
717 430
299 30
533 399
535 757
877 552
875 151
913 420
185 171
202 775
143 166
170 214
287 43
689 158
91 172
78 845
381 55
229 590
69 337
855 16
137 778
996 193
968 972
227 188
391 9
548 651
793 93
39 460
236 985
393 732
428 838
373 861
641 813
320 34
191 837
161 868
446 938
702 258
220 322
832 488
425 463
672 575
72 306
213 1000
154 409
547 412
23 392
357 911
606 408
596 694
696 273
362 104
264 159
56 296
631 844
810 540
345 271
607 260
248 751
24 470
568 319
318 68
267 940
67 854
59 863
249 123
182 134
946 377
497 780
486 791
163 675
252 117
619 579
928 371
668 680
975 283
128 242
464 807
545 916
274 46
660 703
530 437
58 367
794 355
635 382
803 554
347 57
304 582
173 665
772 231
414 773
212 168
194 811
205 369
529 937
731 145
992 221
678 720
541 749
411 784
986 290
206 771
277 129
21 344
825 305
642 797
216 334
157 239
366 524
354 859
419 706
798 448
359 871
614 612
572 632
219 105
427 691
328 945
289 746
383 13
664 725
190 657
526 756
498 662
599 261
977 321
704 475
293 222
593 288
61 882
834 542
291 100
397 705
12 904
762 142
20 890
343 26
336 740
422 701
198 378
241 164
712 257
967 301
327 947
256 82
655 777
112 431
324 955
429 954
759 597
894 432
754 601
116 879
951 485
476 674
648 595
565 604
836 534
451 723
901 426
481 792
473 804
501 523
394 998
788 111
922 503
670 445
92 436
418 864
494 624
5 924
348 555
424 693
471 444
699 150
514 766
750 406
223 727
509 909
19 889
504 401
989 282
910 966
536 673
522 629
856 210
933 402
184 846
330 900
187 403
920 385
3 923
461 669
782 652
627 708
416 981
915 458
228 767
559 609
736 682
786 585
769 567
518 883
921 539
666 578
843 564
376 98
681 574
441 943
649 576
884 423
472 984
643 622
677 800
779 667
685 532
626 865
912 469
500 964
952 478
386 831
591 853
999 927
549 876
165 857
918 421
926 65
970 962
645 790
760 588
905 983
948 982
217 605
896 543
454 942
480 974
583 895
661 752
637 818
925 949
616 849
