16408000
1616
4350
4681
3780
3838
2713
2096
2097
4205
1015
4342
2700
530
2920
1463
3253
1814
2362
2020
1184
4660
4370
2822
3556
3680
3701
4713
3662
231
2763
368
4355
51
1119
372
971
2914
2461
4478
3986
3630
35
1283
3943
1855
71
680
4453
949
1913
1975
1265
4820
621
164
4172
2717
3327
1995
4680
669
3395
453
4409
4813
3994
486
201
1914
4741
76
3274
1797
3773
1072
1720
4676
600
1350
3573
839
495
2396
656
4252
3073
2682
229
137
3054
3343
4303
3132
4264
4587
1243
4696
197
631
2735
3183
1116
93
2968
2029
83
891
571
3645
23
4402
3819
2483
3227
319
758
1435
1651
2361
3530
4524
994
3229
2283
3769
4940
3295
2628
4330
2098
2038
3973
1801
1734
393
2231
4613
1812
99
842
3892
803
1228
960
2620
4468
3067
3903
503
458
3920
3160
4610
4101
382
757
2102
1629
2306
1024
1702
3420
1380
3092
4942
2867
751
4136
4335
953
2139
4706
1097
389
1613
1659
2770
3486
3412
3763
1431
4945
1934
419
4602
4075
725
191
696
779
4189
4473
7
1464
129
969
1657
2672
4198
1707
1466
4537
885
3951
4145
4014
408
4476
4684
4617
205
2067
351
2165
1645
4976
2612
3197
3868
3814
1438
3746
2329
1832
528
611
2471
446
1899
3117
2663
2078
242
3647
2887
3442
3468
4238
1276
2942
3208
2105
4968
993
2303
422
3782
4852
4120
3875
1113
3723
2241
381
1596
342
1606
3727
1271
2830
1060
2101
3529
3805
73
4657
537
2502
1716
4586
3314
4408
1932
4272
1111
1474
2087
4707
706
649
4584
3484
2008
302
3288
212
2438
1794
1199
2327
2944
2397
2748
2377
1317
1780
2565
2738
690
2386
116
2891
339
2934
237
1444
1291
70
1615
2730
2042
1948
2145
785
2510
3969
2470
4407
4730
504
74
1159
841
3542
756
4353
2539
173
461
4155
2520
946
189
2205
4175
4085
1105
3000
3538
4158
4144
2622
1133
121
1504
1725
353
2685
309
4882
573
9
490
4619
3329
4832
2513
1830
976
2144
3768
1440
1395
112
2453
2517
1796
678
4036
2077
4814
2263
565
4867
2123
3106
1972
2789
2222
1425
4295
1080
187
2356
4345
30
3985
1743
3099
1754
3345
2507
4855
4499
126
52
4615
763
4357
1298
1437
4302
607
964
4731
1562
4061
2152
1580
2703
2637
1691
2479
958
2492
3467
3002
1122
3914
1141
1573
2350
355
876
1484
616
3332
3469
3834
2369
3582
3078
61
369
703
4131
1982
4154
3658
27
4972
4677
855
3610
4416
4146
2257
3790
4202
1499
1172
3517
2803
1383
4249
1681
3877
2606
3543
2849
4984
3039
2806
1713
3011
4427
3241
69
4654
642
4471
1869
3347
36
3660
859
1911
902
3012
493
3120
4193
334
243
3734
3702
215
1790
3089
723
3421
3594
2024
1304
2408
3754
1473
3449
4053
3393
3432
3248
4309
4642
4498
4897
390
4592
832
4555
2074
4843
4018
3599
452
4088
2560
64
4113
204
554
3503
3115
1511
4475
3639
3546
1846
1883
2833
3240
3678
3753
1378
1100
3151
2260
260
3446
4209
2493
968
2192
3568
1750
4041
3783
2791
2552
3536
2282
4224
939
634
2404
4577
155
3708
391
577
4003
2827
4147
3947
1031
326
679
2331
3595
1453
2581
1662
3945
2043
3996
429
1959
2211
871
262
4747
1468
796
2976
818
2095
3218
898
4222
721
235
4107
657
2261
3056
1124
1312
4950
3748
348
3963
3917
2093
186
4523
2873
4611
3859
4201
4125
3199
2928
3705
4910
1559
2551
3747
4583
2058
3507
31
271
1600
3731
2846
3771
349
1918
4451
628
412
1328
1699
1807
4559
2050
4552
2749
2414
3528
2992
3349
1095
1803
963
1633
786
2872
4083
2617
1990
1541
2841
2425
1363
1563
2751
4531
1874
2534
4031
3667
3231
2857
664
4542
167
2990
2712
738
1597
4423
4218
4344
3139
4896
91
905
635
3825
125
1137
80
2632
3381
3930
4633
3707
2370
4379
324
1740
4116
219
3499
1
3483
485
3840
1202
1019
1954
4547
4590
1442
4308
916
3926
249
2646
4388
2910
4412
4503
3476
3553
2598
3358
4382
4317
4066
241
175
3219
2175
4767
304
3500
2746
2718
981
3430
1978
3955
2556
4819
2072
1193
1058
3471
4174
2323
4628
863
2262
4316
2433
3872
488
2190
1387
2405
157
161
2676
1098
2924
3294
3697
2342
3391
2269
3879
356
498
2650
314
3335
1142
4447
4374
1960
308
4982
581
2948
2839
610
132
1403
2250
2392
4694
3364
444
2268
4868
4403
2278
1527
245
3261
2025
3316
4769
875
4581
3466
4340
2722
4851
2737
291
2508
405
4746
2971
2113
3359
4352
1686
4210
3278
4758
4025
1863
4961
1150
3522
2832
4668
140
1396
3882
3043
2315
1772
1441
4086
3277
3204
3713
3774
2297
710
3252
1420
2631
4806
4267
256
3111
1732
2740
2007
251
606
3862
4054
989
312
1947
4776
3886
464
2572
3691
638
4276
3999
580
2353
1104
288
4186
924
2812
620
499
3074
1210
1472
3937
3716
3841
4028
547
3108
1450
598
682
2467
3636
4112
1647
1510
524
2149
2246
4520
1666
2226
4415
329
3912
858
1663
576
4449
450
2993
3279
4034
2527
3496
100
3353
1996
1619
3270
1848
1188
2739
3931
1498
3324
2180
1461
1214
759
1575
4955
697
3827
4277
4878
269
2318
359
3516
1050
1827
4595
4666
3620
1682
436
4978
3040
514
3049
4242
4844
236
3202
398
1788
2758
520
3652
3301
3189
3437
8
1257
1408
2562
2296
1872
108
745
4709
2643
614
4620
2061
1160
253
2009
301
687
3247
2011
3605
1882
4082
4438
1282
1362
4662
3876
3418
837
3021
1942
2529
546
4545
1046
2686
130
1804
2133
3732
3375
1189
518
4282
3178
3617
3577
2051
4788
4422
2842
4996
143
194
1307
1671
4333
4273
2172
4712
2402
1604
3338
2899
16
1173
2251
298
2886
4631
119
1042
1196
1489
3071
4618
3549
3668
3245
3485
4528
2090
2255
2937
4975
4655
4134
2909
2956
1630
3843
1593
2322
4795
247
3676
3744
1549
2869
3583
4608
3998
3675
306
2389
4995
2435
3856
456
3119
4023
4140
1389
741
4895
2904
3058
4318
3821
791
3703
4724
1753
535
2121
2171
4621
59
2649
826
2136
1847
1399
2239
1140
2460
1076
1679
636
4757
1221
1637
4687
151
2611
2415
34
1825
2675
1475
2099
1910
352
3493
3171
1786
4529
371
94
1086
1064
4226
3292
1109
1867
3612
3033
3450
799
4979
1912
471
914
3180
4954
2382
735
862
556
2704
3724
2441
1206
1056
4377
2062
3138
2002
1719
63
1712
1800
4752
3165
4171
882
4990
538
2486
4751
447
4213
1904
3036
3027
473
900
199
2853
3646
1926
4515
4790
2699
1394
1075
3440
2143
2181
4659
2221
813
4417
1668
4733
2667
3383
325
4354
1733
268
41
3334
2163
2264
601
1829
1998
4627
4588
2862
4664
3226
912
4563
1693
1341
2945
4596
2618
1537
2654
4455
4637
3205
2487
1774
1207
3260
1232
2528
1590
3216
2249
2582
1250
1558
3588
509
87
3751
2104
2898
1968
1345
3439
4359
1270
1112
1127
2336
3276
3580
1181
1897
2807
4244
1866
4702
386
3682
1956
4887
3704
3498
4686
75
1776
3414
218
4622
4297
3303
4826
1981
244
2734
153
145
3017
3504
95
715
1543
2864
3234
1764
3506
3760
267
1521
4865
2451
3817
4749
3534
4671
4094
903
817
992
49
3029
1739
625
2916
848
3618
4756
4418
2439
521
884
1416
4807
2657
4464
3123
2725
1831
3949
673
3392
1358
2714
1479
4947
3141
3684
3750
3497
2661
4782
4568
2245
1889
2302
2409
1737
2880
3822
3784
3861
2962
1839
2912
1303
1886
4117
4966
4046
2010
943
3473
3243
1930
4616
1333
2170
3808
1652
1487
1388
3508
3077
2941
1238
2736
225
2440
835
1385
2579
1030
1591
879
4459
2773
2664
39
2747
2819
3063
4933
531
1186
739
3770
4292
2238
4546
2109
1973
1767
1581
762
543
350
4071
4143
2774
4372
168
1096
2605
2367
3696
2076
4195
878
1067
90
560
1589
4375
2836
1021
3283
3813
3720
2939
3417
494
2710
718
4926
1708
4603
2111
3444
65
1368
4376
3527
4190
1476
3495
559
4378
619
3006
2450
3293
3766
1890
20
1331
337
1576
3758
2594
1723
1147
1485
1366
4057
3179
1724
1277
2027
4411
3690
4425
469
3894
2885
10
4367
2385
2106
4908
3520
4803
740
3182
2515
3740
1454
3935
2035
1081
3873
4971
1974
4927
4527
2217
233
641
3339
416
4358
238
2762
4891
2000
2549
1760
4504
4831
4259
1452
1144
1916
3297
4846
511
1675
1588
3910
1782
4957
647
1687
374
3962
2203
1901
4817
4948
3457
1798
4762
1873
3628
1946
1744
1205
3232
3896
2524
2480
445
896
3587
4929
1121
1182
250
3244
4386
4862
3080
1465
1087
4306
3905
4949
4726
2658
3968
174
782
2198
3828
4915
3318
2568
4670
2633
3459
2298
2478
4199
1949
2334
1314
478
1773
974
4625
4052
4649
3406
1787
482
2671
2499
24
1340
4250
3068
4325
2543
1937
3146
4509
2248
982
1114
3169
1481
3511
2634
3781
2969
1382
4974
2406
4258
3143
4606
4060
1025
3448
3514
3526
4293
1099
3787
3176
4305
2422
2627
3749
4027
4248
78
2328
3489
997
2063
4096
397
790
3706
4811
2865
3194
2563
4156
3482
4574
2972
1746
856
3053
4675
14 693
605 3761
2187 3806
2477 2130
4551 1279
1319 1523
248 4487
1534 1225
1495 3674
428 4679
510 4598
957 639
2469 3548
579 824
2574 1970
2823 3149
1352 3425
1170 2107
3621 748
297 4320
2153 2522
4351 1390
816 2642
32 1714
313 4288
3904 623
97 1664
44 1308
566 4497
1192 1865
1118 28
160 1275
3970 1130
5000 86
1169 2117
892 983
4220 925
2977 1631
4450 484
287 4332
431 451
1191 1892
2900 1742
3764 1808
2583 1931
613 3629
230 632
3035 2845
402 3710
995 113
808 761
303 4315
1426 3282
4663 801
410 978
1821 4643
1478 169
3365 1045
1128 2340
4759 296
1053 2384
1817 2767
3333 1515
1183 3685
2068 4056
767 198
2497 2021
854 985
2619 1836
3405 1057
1738 2861
2202 2626
2341 3581
930 670
330 569
2374 3586
1248 385
3664 774
4033 557
806 777
1069 820
1566 17
3351 1049
2829 2615
4346 123
1845 2765
1955 4361
513 366
562 3902
331 3793
3988 1646
749 780
2505 1945
822 183
4708 347
1126 475
1110 55
1178 341
3907 541
2946 2411
3129 1413
1405 179
383 1569
658 3566
2240 3741
597 3997
3287 2394
4419 663
2537 3366
180 660
1627 2921
1003 2466
234 595
1745 4648
890 139
612 3677
1241 1711
551 834
844 709
54 4886
945 919
918 2544
18 752
540 333
491 947
1893 2754
5 72
1983 2652
195 141
825 2593
278 582
361 505
1239 3100
136 4693
501 880
1155 474
865 144
367 1599
937 2468
1844 4549
3362 1212
223 3965
1532 77
1564 1158
12 4496
257 4368
567 1223
3712 2176
346 4738
158 1624
1518 159
492 407
4614 438
887 2585
921 131
434 961
3564 2218
1338 3488
4298 730
734 3051
266 118
53 719
96 4703
1595 980
343 534
2084 2550
2535 3462
1908 4448
2012 4197
755 2856
11 25
483 1324
1538 3826
3020 2938
589 3694
1667 2798
688 1164
421 1493
4059 1055
305 68
4312 700
37 732
872 3921
1735 4721
323 1037
564 321
1022 523
3144 1530
468 417
604 295
1353 3415
2878 3010
142 4928
998 886
255 1608
1000 881
1174 3142
629 4818
2443 2154
1602 354
1550 3101
2757 1792
19 4399
3422 1051
150 1649
624 3619
1694 13
561 4070
702 1153
4959 109
4067 1280
671 1167
1014 3373
608 3719
57 240
1348 327
2577 1943
662 1204
275 1062
2391 4203
149 1287
2792 2665
2813 2129
1203 292
3238 1297
1632 2840
899 4187
4384 60
1123 4437
1059 92
1236 1854
861 3435
936 927
928 114
1427 2965
2037 2760
26 4986
984 4106
1689 2781
823 1008
3654 819
2168 3866
3552 2267
1966 4636
3775 2079
285 88
3906 603
472 3978
460 1411
502 378
3995 591
3490 972
1605 181
1029 851
2057 4097
2082 2742
85 1290
714 228
4254 182
103 4068
731 793
3026 1578
797 1035
210 653
548 1235
4517 441
4151 1001
827 991
4845 539
4108 1093
1722 4766
4632 701
3038 1673
622 798
320 4105
588 4049
4157 999
500 4652
542 4098
2295 2188
224 4798
3730 713
640 263
609 4463
805 184
583 3812
465 1373
188 1263
200 4286
3518 967
315 1043
1436 170
1201 3679
1161 2289
3246 2569
948 666
2546 3321
1492 3168
901 956
418 1524
794 2835
2293 2212
2286 2398
415 4013
1066 830
1850 2805
920 4506
2213 2511
747 3989
4247 809
602 3993
2966 2045
1665 3792
4630 4837
258 1115
954 655
1375 3376
2330 3600
117 4701
3699 1815
1989 2772
2186 2678
1190 317
1245 1660
4591 764
1326 3429
2233 2475
3725 720
1132 3789
442 1455
3300 1607
1346 3388
3958 1706
111 4716
2442 2288
42 363
2177 2701
3909 1195
307 4162
300 4794
3733 711
193 4894
1004 4063
1448 3275
1065 3290
4111 316
2169 3833
811 1016
2559 3313
1915 2729
2452 2156
1078 529
2155 3918
2970 2982
1751 2926
2326 3611
1496 3223
1255 213
923 672
1784 2802
1226 3578
2692 2745
3606 1894
3626 838
1091 3845
3776 699
2030 2555
380 1570
2279 2432
1217 400
1148 4435
4838 246
1264 3523
360 519
2348 2378
3045 2797
1545 40
2852 3052
1585 3018
2423 2877
705 4740
2696 1777
2174 2516
2052 4179
1622 2848
2462 2091
3934 1806
3201 1299
4010 362
1414 172
3211 1434
318 4997
2925 2447
675 3399
177 665
2761 3210
4079 332
3025 1870
4539 2023
221 1233
420 977
1343 340
737 788
2752 3250
1013 552
3257 1351
1077 676
3308 2066
2625 2189
4859 156
4055 1332
4212 952
4200 290
558 4566
922 3898
4208 259
3966 373
2868 2089
154 1284
3161 1445
3881 683
2587 3312
526 4944
66 4092
4893 1552
3137 1553
4161 328
781 1090
1424 1471
2919 2080
717 1149
38 1695
2775 1761
3505 904
4206 289
1374 3305
1296 3554
618 1211
617 293
3946 427
2412 2292
1700 4876
784 4321
466 424
3061 2750
3585 1415
439 4104
3409 2324
2358 3565
1134 3259
4062 1316
1166 4431
3311 1342
2437 2161
3157 1344
2927 1703
1917 2673
1988 3379
45 1295
2307 3614
3964 413
270 1083
4635 668
4118 516
1074 772
4231 138
965 626
404 4091
1171 414
1962 3426
1898 2679
2489 4099
893 4261
2501 1967
3831 695
3797 1909
1163 4999
3083 1626
120 4391
2573 1985
279 1048
4958 463
1642 2984
3407 2031
1500 3186
2595 1927
1215 425
512 864
553 3924
171 4050
457 951
1084 3265
743 202
4430 1379
3887 1834
1102 4456
2365 2940
931 4180
4214 938
746 2896
2784 3698
1525 3030
4278 128
1516 1286
722 1146
3122 2225
1811 2788
2690 2779
1138 3752
1281 3571
2204 2623
448 4977
1040 3836
2818 2542
206 4279
3849 654
3207 2599
2301 2973
1610 3795
652 4387
2346 2960
3983 1648
134 691
1984 2786
1162 433
2304 3709
3509 2959
1546 3005
3088 1458
3832 1891
1269 110
4347 1423
3090 1861
3551 911
6 379
3461 910
2578 2208
1406 3222
1678 2943
3147 1517
1293 3487
162 166
1701 4854
2183 3075
1677 2895
3118 2242
941 3396
575 1213
2001 4580
1556 3048
3737 769
515 1318
3593 906
592 3625
2119 2706
2988 2363
3622 1400
2135 3140
2684 3756
4211 254
1579 3046
3156 1361
536 1237
4823 276
4830 261
3159 1789
3642 1365
4554 1218
3050 1477
2870 1785
2047 2521
4440 783
2817 2570
771 4326
568 3715
4691 643
2908 2503
909 698
3193 1329
2092 4512
3390 2357
2897 1758
148 196
1330 4237
2094 2724
2488 2115
3613 792
2273 2979
2430 2159
4095 1032
2465 2265
3916 1816
3777 2049
1011 877
1355 3386
800 190
476 3853
572 4924
392 477
423 966
633 4784
3525 1965
4363 1419
3890 1705
768 3987
1094 3722
3648 829
4624 726
3272 1661
104 4796
3762 708
1412 3191
3124 1577
570 4058
599 4470
467 4965
2287 2253
3981 1557
807 766
1446 1381
1781 2719
3956 645
883 3908
3632 736
3689 1826
437 1491
1339 3478
1531 3121
3372 3104
1809 2795
1401 280
89 4072
4905 915
1054 849
3131 1364
1467 3175
1979 4356
3328 1601
2793 2614
1068 3804
1582 4
4006 1641
1598 889
4004 1089
3570 1432
4810 1919
1991 4557
3341 1197
2689 3745
3884 2589
3410 942
2640 1813
4714 1044
4514 2234
3540 1433
2733 3714
4038 1410
4037 1418
907 4536
1961 4667
3114 1617
1859 2801
3024 1586
4265 178
990 4087
1618 4936
4970 426
1748 2854
2532 3980
3960 2571
3013 1609
1156 3215
4225 1529
3072 1640
3367 1023
1771 4775
479 4953
590 4488
4432 2
211 648
3494 1994
3453 1041
376 4991
3177 3230
135 227
2228 2514
2683 3785
2247 2464
395 4114
637 281
4768 1791
4090 549
3224 1376
987 908
1762 3480
4987 754
4065 1292
3086 2332
2359 2337
973 563
4501 1336
4236 860
3670 773
2474 3901
1635 2837
2206 2580
3885 2635
727 4732
3961 1672
4329 62
2036 3307
744 2922
3657 815
2100 4462
508 375
2986 3403
1154 3651
4834 555
22 522
3607 831
1584 2875
2980 2034
3323 1230
2825 3130
1730 3638
4395 47
344 4789
1992 4223
2814 3615
4674 1888
394 1544
4135 1006
3521 2276
1136 507
4585 1928
4745 1824
3155 1451
1676 3739
1680 2888
4128 336
1551 3060
3562 2950
870 3923
1741 3550
3637 2780
33 1309
56 345
1131 4436
3616 2893
1073 3268
4103 1222
2564 4069
1354 4044
3102 1456
2998 2352
1963 2799
2216 2494
1246 3650
365 1009
787 1038
409 1539
3 4115
850 3954
3922 1185
3172 3369
1052 3315
2312 4219
1305 3064
4400 667
1306 4253
4397 2368
4755 4737
3858 1842
4102 533
724 209
4076 1603
1548 2953
4815 4251
1249 3095
1252 3094
2592 3271
3880 1242
4256 2485
4178 299
3299 1653
3794 760
3535 1953
1969 4570
2600 1879
163 4336
4543 1951
3310 2383
2607 3835
3839 2715
1180 4429
3081 3411
2964 2364
2967 1749
975 3380
4809 970
2958 1634
122 4931
2459 2114
1718 4533
2454 2120
2407 2316
1377 4816
1251 222
146 4556
1623 4899
1540 2907
4885 1560
1220 3103
4132 1018
1980 3400
2496 4051
2059 2591
4799 1690
1483 2923
753 4327
2666 1840
1819 2707
1480 3952
1323 4884
3681 733
1583 4985
4665 651
4022 1620
4864 955
4260 106
888 4541
388 1547
4080 1260
517 1262
2229 2444
3470 2930
377 489
1611 2874
867 3423
4688 1092
1027 3895
3604 2215
1372 294
4424 596
2270 4328
3669 1334
357 1012
770 1145
1628 4561
1216 4410
1704 3700
3592 833
2124 3162
1513 1321
1179 2088
750 4717
4658 358
3557 866
3019 3502
2575 1885
1200 4932
3394 2349
1638 2831
2266 4274
2769 2694
729 4718
2787 2166
3472 2918
2726 3717
3883 674
4313 101
2766 2720
1272 3602
3811 2670
3291 2387
2917 2455
1655 2983
4827 1895
2003 4207
4629 2196
3109 3401
545 3735
1522 2915
2669 3799
4750 615
4039 2545
2776 2674
3809 2727
1933 2653
2533 2026
593 4008
176 4287
4848 1878
4398 2140
2339 2427
4460 1347
2596 3942
2906 1709
282 3953
216 4266
692 4773
686 3206
3266 1670
2311 2429
2688 3767
3148 2151
1769 2723
3221 3154
4446 4943
4678 1152
4748 2004
2902 3510
4988 105
4369 2194
2209 2554
2630 4021
3512 2903
1209 4414
1685 3738
4661 1903
4739 1034
3596 1407
1079 4465
1036 102
2974 3545
2271 2400
3597 1939
3598 2947
4270 802
4381 685
4383 2401
2122 3209
4685 1858
4522 1300
2449 2285
4119 403
4385 1409
50 4993
2629 1921
4779 1976
3150 1822
2538 3325
587 4914
812 3464
1592 4760
3028 1574
4786 578
684 3352
1294 4951
286 4170
3441 2005
1175 401
532 3798
4280 929
2434 2310
387 481
594 3574
3404 1501
3015 3451
4682 1129
4001 1470
2975 3501
2457 4163
3007 3455
21 1747
3854 1254
3939 1139
4683 1103
3319 3225
79 4077
2224 3788
3431 1490
3044 3342
4122 1063
3492 1469
2783 2167
3524 926
828 4650
2219 4299
3772 2728
3475 2985
3643 1359
1302 4901
1755 2844
2548 2254
2013 3374
4983 396
2232 4285
2547 4078
4457 1356
3575 847
1614 2989
4229 986
1143 3688
2148 2525
1386 4011
2372 2931
627 4912
3217 3320
2426 2185
3911 525
4879 4177
3055 2777
3434 2017
2294 2354
4821 4243
2160 4442
4640 2125
2816 3726
3158 3242
1017 3929
1697 4900
3014 2016
98 4392
2403 2335
4575 4850
4911 895
2201 2997
4941 1765
3589 840
775 1108
2006 4232
1535 3893
3591 2879
4182 264
3337 2064
1325 3544
1082 3755
2300 2317
4168 322
1887 2756
4281 1519
3113 3304
4710 4754
3340 3032
2275 4002
4825 1572
2858 3541
2821 1759
2476 2141
1439 3979
3023 1936
2126 4338
1729 4765
2393 4152
2137 3134
3818 659
4967 4160
1392 3298
4858 4240
1763 4875
1941 3458
3016 1958
3736 2731
2048 2601
996 4477
3128 2182
2778 3807
1256 3640
1028 3361
4233 115
4012 1070
1033 3855
2963 3558
1526 2911
2193 3041
874 4548
4150 335
4349 43
1843 2843
4176 2343
487 4952
3842 1864
4405 2134
4124 2523
2566 1907
3990 1106
4889 4167
2755 3829
2491 2071
1810 4725
3387 944
4744 2056
4913 1533
2083 4035
704 3991
2800 2158
3824 1795
273 4216
2375 3971
2586 3852
2230 4045
4558 2200
2553 3977
208 4026
1176 459
1925 4290
3066 2705
1261 147
311 46
3233 3296
4824 272
4989 1369
586 4492
527 3810
3641 2851
1488 3170
3091 2305
1688 4880
2651 1802
1775 4774
3348 1101
681 4780
2252 2436
3477 2978
4129 1587
2490 4093
4572 4699
4173 1005
2195 4441
873 3402
1871 4483
203 4048
2472 4110
3623 1862
1258 4294
1508 4783
4802 4291
550 4073
3306 2073
1571 2952
1999 4311
2709 3683
1835 4505
4890 1554
1986 2557
1349 4123
1371 4847
2338 4194
3572 2892
4651 2070
1853 4644
2041 3285
4695 1088
2458 4133
4089 2399
3864 694
4230 2495
1402 3255
3360 1219
1482 4763
3184 3166
4365 2207
1247 4362
2498 2256
4898 4540
1224 3609
4141 2373
3378 1117
962 4164
2395 2882
3867 2711
84 1674
81 4074
4246 265
455 3857
1721 4526
1443 3190
4656 661
2951 3416
1227 3653
4800 4634
1849 2697
1654 4560
2046 3264
4042 2420
4126 370
4196 2284
3972 1658
1234 274
4183 2299
1288 3076
2936 3631
1311 4935
3098 3397
3871 646
4544 2227
3355 3136
4873 932
4822 1643
3513 1449
2883 3590
1486 3913
3370 1010
2721 3874
2855 3547
4047 2418
4937 470
2081 3213
4030 1612
4255 959
810 716
4221 165
4020 2481
3820 1805
3531 913
3188 2146
310 4139
127 4064
2708 3900
1107 82
2032 4513
4443 1360
2259 2431
4310 2463
4607 1165
857 3936
226 1151
3167 3382
1460 3235
2448 3559
4641 1157
3888 1229
853 4578
2847 3692
1125 3816
3173 2150
2040 2660
1177 3110
2531 4007
836 4604
107 4934
4283 765
3037 3474
1636 2913
4191 2504
4872 1860
2142 4165
1684 2932
3256 3152
2662 3765
3481 979
1868 2691
4964 462
4507 2243
2421 3925
2108 4394
1285 3555
4304 2220
3251 1731
2796 3800
2379 3927
1313 384
3666 1837
795 4711
277 3967
1820 4700
4017 585
4771 284
4319 2214
1944 4689
1856 4485
2889 3563
399 454
4919 1502
3398 3004
2693 1799
3897 630
4245 2272
449 4969
4719 1841
3687 1322
217 4856
1061 2380
1929 4289
3433 940
3796 1273
2645 2794
239 124
3354 3174
2584 2197
1085 3742
2695 3933
3644 2809
4973 1756
4601 4842
4918 496
4215 283
2281 4235
1337 4153
814 4672
3424 3047
3105 2258
3164 3239
2785 3686
4673 4764
4980 821
3001 3479
1696 3729
2039 2530
4300 1509
4805 1002
4241 2277
804 185
1497 3125
4029 2588
207 1244
1047 3322
2131 4307
776 4322
1793 4704
4917 497
3870 2644
2602 3844
789 192
4401 4962
2138 3084
4597 1906
4364 67
1393 4860
2512 4040
4742 1026
1135 3249
1902 4445
4525 4729
4797 1007
677 4781
843 4600
1922 2656
3153 3200
4024 2597
2178 4127
1752 4715
2191 3069
1710 4722
1357 3346
3454 2999
2759 2179
3815 2648
2810 3663
4840 4589
2890 3539
3445 935
4569 1940
4956 894
1542 4697
845 707
2771 2681
4406 4946
4502 4902
2157 4159
4777 1778
2949 2388
1900 4612
2987 3491
406 3950
712 3097
728 3537
2804 3779
2103 4490
2636 3837
3371 3112
846 3959
3656 2782
3135 3267
1964 4599
3022 2333
1698 2768
1935 2687
2086 2540
2069 4479
1194 430
3847 1857
220 1621
869 4576
3085 2677
2526 4081
1938 4609
4753 1020
1884 4474
3515 1987
4594 4626
3357 1240
3384 1514
3212 3356
3309 3236
3187 2638
3786 1923
2428 2314
3273 3133
4883 1851
2609 3801
3889 1726
48 1683
1567 4579
4835 1880
1168 3718
2014 4491
2744 3672
3932 2621
3331 1266
4538 1259
3624 2884
3634 2866
1506 3181
2995 2019
2590 3944
1924 4390
252 3975
4000 2613
1828 4646
4534 1267
2484 4130
2860 3661
3070 3302
3368 3127
1818 4518
4669 4787
3042 3344
1520 4761
3326 3059
3443 3034
3608 1877
2518 3891
3982 644
4217 988
4532 2055
3693 1320
1397 4857
3802 2716
3009 2344
950 3878
4461 2085
4866 1876
2541 2815
1457 2957
1071 3759
4005 2603
4535 4728
2210 4084
2199 4421
411 4981
4778 1717
4121 2381
3389 2033
3830 1268
3561 2955
3728 1315
2456 2850
29 15
1594 3008
4458 2360
4494 2308
4142 2371
3107 1422
1120 4454
2128 3938
4389 868
2764 3671
2347 3974
2668 3823
2871 3655
4793 574
3350 2054
2838 3567
152 689
1398 4009
2509 2053
4907 1833
4841 1568
4516 4785
742 4337
2280 2390
3057 1656
2881 3438
2790 2162
1505 4833
480 1327
2753 3851
1253 4906
1875 4692
3228 1370
2313 4314
1335 4188
1715 3673
1957 3436
3976 1650
1669 3778
364 4735
1997 4530
2112 4343
1459 4853
2863 3532
3096 3203
4469 778
443 1429
3635 2859
2824 3711
4923 1421
3428 2991
1770 3463
4271 2473
4324 1507
3031 3413
4791 4638
4371 2413
1727 4519
2118 4489
1950 4444
3519 897
4334 1494
2164 4149
1231 4393
934 4486
2022 4562
4992 4510
1823 4511
2376 4227
3286 3116
3579 1430
2567 2015
2410 4148
3865 650
2935 1639
3940 506
2698 3743
1766 4812
4565 4871
4938 1391
2274 4268
4138 2519
2355 4263
2659 3941
2828 3695
1462 3957
2604 3863
4567 1208
2702 3919
4467 4839
58 4109
3665 2741
4360 2417
4420 4922
3185 3163
4792 4323
2236 4373
1301 4269
4339 917
3262 1278
3263 1274
3214 3336
4137 1561
440 3915
2608 3803
2639 4019
4466 4863
4909 1536
4593 4849
1736 3569
4495 4828
2044 3269
2291 4228
3192 3363
2018 3330
4032 2561
3220 3317
2446 4184
3284 2500
4698 1852
2419 4185
3649 2808
232 4234
435 3928
4366 4998
4482 2345
4571 4705
2319 3992
4380 4963
4960 852
3447 3003
4645 4564
1367 2981
4553 4723
3280 3126
3145 2173
432 3948
3408 3093
2184 4100
4920 1779
2320 4296
2321 3984
1555 4623
1977 4262
3465 2933
4647 4434
4925 1417
4639 4836
4921 1428
3603 2894
1384 4861
2536 2834
1565 4605
2961 1757
3456 933
4804 1644
4480 2351
2647 4015
2416 4192
4166 2506
1404 3237
2616 3850
4472 4939
4930 1768
2624 4043
1993 3377
4653 2065
1039 3846
2132 4301
2223 2482
2060 4204
3848 1728
2641 4016
2610 2811
3087 2309
3281 2110
4770 584
4481 4904
338 4994
2929 3633
3533 2901
4727 4428
2954 3584
4550 4888
4870 4181
2996 3385
4452 4877
3062 3452
1971 4284
1783 4743
3082 3258
2244 4341
3460 2994
1896 2743
3065 3419
3254 1692
2655 3791
133 1289
4331 2445
4573 1187
2028 2680
4439 4881
3560 1952
3721 2127
2826 3576
1447 4801
1920 4404
2558 3869
3289 3079
4521 1310
214 4874
4916 1512
1905 4426
4257 2235
1625 4734
4690 4433
3899 1198
3195 3196
2237 4275
4413 2366
4829 1881
3659 2732
3627 2876
4500 2290
2576 3860
4892 1838
544 3757
4508 4808
4396 2147
4484 4903
4239 1528
4348 2424
2075 4169
4493 2325
2820 3601
1503 4736
3198 2116
2905 3427
4772 4720
4869 4582
