787500
28
90
109
110
115
179
216
261
272
308
312
318
319
326
332
339
356
357
392
400
411
423
429
439
494
531
535
574
578
583
606
620
637
662
666
673
736
741
770
785
801
805
808
867
953
959
993
1061
1093
1105
1106
1133
1141
1154
1190
1197
1201
1218
1225
1226
1241
1260
1263
1264
3817
1278
1343
1361
1378
1383
1387
1392
1397
1425
1484
1508
1517
1522
1543
1549
1562
1565
1566
1571
1600
1604
1617
1631
1725
1749
1752
1875
1901
1937
1949
1953
1990
2007
2052
2055
2094
2139
2182
2193
2224
2230
2234
2241
2254
2269
2271
2299
2303
2314
2322
2343
2345
2356
2358
2365
2372
2427
2445
2475
2476
2479
2485
2515
2536
2563
2613
2658
2669
2704
2717
2725
2727
2732
2734
2759
2772
2775
2820
2825
2866
2879
2906
2976
3000
3024
3064
3104
3126
3167
3181
3227
3228
3229
3262
3278
3287
3301
3306
3363
3375
3378
3396
3400
3401
3408
3424
3428
3446
3478
3500
3523
3526
3536
3568
3570
3580
3584
3592
3596
3602
3604
3667
3679
3686
3695
3707
3719
3753
3756
3765
3789
3800
3801
3835
3856
3883
3910
3936
3952
3956
3972
3979
3982
4046
4050
4055
4067
4089
4111
4125
4144
4145
4158
4191
4206
4231
4283
4284
4310
4316
4342
4422
4440
4441
4445
4453
4470
4554
4559
4582
4611
4666
4688
4725
4760
4820
4858
4885
4924
4944
4946
4955
2
7
20
34
35
44
56
64
71
72
80
105
108
116
125
131
132
136
140
150
157
159
165
168
176
180
182
210
224
225
234
245
258
262
263
264
268
273
277
282
286
297
314
320
321
344
346
350
370
377
378
383
394
398
407
409
422
427
436
437
445
448
453
454
455
473
480
481
491
495
498
500
502
547
560
1538
564
581
584
586
592
593
595
601
602
607
612
616
629
631
633
636
648
649
652
653
658
667
677
680
687
705
707
710
719
727
739
742
744
753
755
766
784
790
799
812
814
818
820
2152
832
834
837
844
847
853
858
862
876
877
879
888
892
898
906
916
917
923
925
937
939
944
958
974
976
977
997
1002
1003
1008
1009
1017
2205
1026
1027
1029
1037
1039
1041
1045
1051
1058
1060
1067
1071
1081
4192
4700
1084
1087
1090
1110
1117
1122
1123
1125
1128
1131
1135
1149
1156
1164
1168
1173
1179
1182
1184
1188
1189
1194
1206
1213
1221
1230
1236
1243
1244
1251
1276
1281
1283
1290
1299
1302
1310
1315
1328
1329
1332
1334
1341
1353
1370
1374
1376
1381
1382
2429
1390
1391
1411
1415
1417
1421
1437
1441
1461
1469
1472
1477
1483
1488
1501
1516
1526
1529
1536
1539
1546
1551
1555
1577
1589
1590
1593
1610
1621
1633
1646
1650
1652
1657
1658
1672
1697
1704
1705
1709
1714
1719
1750
1754
1756
1774
1782
1783
1798
1800
1801
1803
1805
1809
1810
1813
1815
4756
1818
1820
1825
1835
1872
1873
1874
1879
1890
1892
1910
1914
1917
1926
1930
1931
1934
1936
1945
1952
1962
1965
1969
1971
1980
1983
1988
1989
1994
1999
2005
2018
2025
2027
259
2029
2032
2036
2038
2039
2050
2068
2077
2080
2114
2117
2132
2133
2146
2158
2161
2164
2167
2178
2186
2196
2197
2199
2220
2222
2225
2227
2232
2233
2237
2251
2252
2255
2266
2267
2272
2276
2281
2287
2312
2326
2349
2353
2354
2378
2388
2390
2420
2430
2441
2442
2446
2447
2450
2462
175
2467
2469
2473
2482
2502
2503
2507
2508
2524
2537
2546
2549
2559
2575
2577
2581
2583
2596
2603
2626
2630
2653
2655
2672
2681
2694
2699
2731
2736
2739
2753
2758
2763
2767
2770
2783
2787
2791
3871
2792
2796
2808
2813
2817
2821
2828
2831
2854
2865
2867
2870
2884
2895
2903
2904
2912
2913
2915
2916
2921
2931
2940
2943
2944
2952
2959
2965
2967
2968
2975
362
2986
2993
2999
3002
3010
3015
3017
3027
3031
3032
3039
3043
3045
3048
3065
3070
3074
3086
3097
3102
3112
3121
3129
3142
3149
3153
3155
3160
3183
3202
3206
3208
3220
3221
3242
3250
3257
3263
3274
3277
3279
3304
3308
3313
3325
3331
3346
3350
3352
3365
3366
3367
3369
3376
3379
541
3391
3395
3407
3411
3417
3429
3434
3443
3445
3460
3467
3471
3474
3481
3483
3490
3493
3498
3504
3508
3509
3510
3520
3521
3527
3534
3535
3544
3547
3548
3552
3563
3573
3574
3582
3593
3598
3599
3610
3613
3619
3626
3640
3645
3649
3651
3660
3668
3675
3684
3698
3699
3705
3709
3713
3750
3757
3764
3767
3769
3773
3774
3784
3797
3805
3806
3813
3818
3820
3823
3825
3841
3842
3851
3852
3864
3868
3869
3881
3884
3899
3911
3912
3913
3915
3918
3922
3926
3927
3935
3960
3963
3968
3974
3976
3978
3981
3985
3993
3994
3995
3998
4001
4014
4032
4033
4036
4037
4042
4065
4074
4079
4093
4097
4098
4102
4109
4110
4117
4119
4123
4133
4139
4142
4151
1883
4155
4157
4176
4177
4179
4181
4187
4188
4193
4200
4201
4204
4205
4212
762
4215
4223
4226
4228
4239
2006
4241
4256
4264
4267
4276
4286
4289
4295
4296
4297
4300
4305
4306
4309
4311
4323
4331
4335
4337
4341
4350
4352
4356
4357
4359
4361
4364
4365
4366
4368
4369
4372
4374
4376
4377
4391
4407
4411
4417
4419
4425
4431
4449
4450
4488
4494
4503
4523
4540
4549
4550
4578
4581
4583
4588
4589
4592
4595
4603
4606
4612
4613
4614
4620
4626
4627
4632
4633
4635
4646
4651
4654
4657
4661
4665
4674
4675
4681
4690
4711
4714
4717
4720
4723
4724
4730
4739
4740
4749
4753
4755
4758
4788
4792
4799
4801
4813
4825
4831
4834
4840
4842
4843
4849
4855
4862
4863
4864
4865
4881
4884
4893
4898
4914
4915
4926
4934
4936
4947
4949
4953
4971
4978
4982
4986
4987
4988
4993
4998
5000
3
5
6
10
11
12
16
18
24
31
36
39
42
46
48
49
51
54
55
58
59
60
61
62
63
70
74
76
78
88
91
93
101
102
104
111
118
119
129
134
135
137
142
149
151
152
1884
158
161
164
171
172
197
203
206
218
220
226
230
232
238
239
240
241
242
243
248
252
1327
253
271
274
276
281
283
288
290
291
293
296
305
307
310
315
316
327
1371
330
334
337
355
358
360
361
365
368
371
372
376
379
382
384
387
391
1204
396
397
401
406
418
419
420
421
424
425
428
430
432
433
440
441
449
450
451
456
459
461
469
485
486
487
490
492
506
518
519
521
523
524
525
528
533
536
537
539
542
545
550
576
553
554
556
559
561
562
563
571
573
579
589
590
591
599
600
618
2517
622
625
1079
628
634
3435
638
642
645
651
657
659
660
661
664
676
682
683
684
692
693
695
701
702
712
716
718
723
728
740
745
746
747
748
751
752
757
761
764
767
772
776
778
779
781
783
786
788
789
3286
792
796
800
802
809
810
822
1254
823
824
826
827
829
831
833
835
840
846
850
852
854
857
859
864
869
872
880
890
893
894
895
899
900
909
913
914
922
924
930
935
941
945
956
957
961
963
966
978
983
985
987
990
996
1011
1015
1020
1031
1052
1053
1064
1069
1070
1075
1077
1078
1082
1088
1091
1095
1099
1102
1108
1111
1126
1143
1144
1152
1153
1163
1165
1174
1176
1187
1192
1200
1202
1205
1207
1211
1214
1217
1235
1237
1240
1247
1248
1252
1259
1262
1269
1270
1277
1293
1304
1308
1309
1314
1322
1330
1335
1342
1357
1359
1364
1366
1377
1384
1386
1395
1404
1406
1409
1412
1413
1414
1419
1427
1428
1432
1445
1446
1453
1455
1457
1464
1465
1476
1480
1481
1482
1486
1487
1494
1495
1499
1506
1510
1523
1524
1528
1531
1548
1558
1561
1563
1573
1575
1578
1583
1584
1588
1591
1596
1608
1611
1612
1619
1625
1627
1630
1635
1638
1639
1640
1642
1643
1648
1653
1659
1661
1662
1669
1671
1674
1677
1679
1682
1685
1686
1693
4499
1694
1695
1706
1707
1715
1716
1718
1720
1724
1727
1729
1733
1738
1740
1771
1772
1777
1779
1781
1838
1791
1793
1794
1795
1796
1799
1804
1811
1814
1823
1824
1829
1832
1842
1845
1855
1858
1859
1860
1861
1862
1866
1868
1876
1878
1888
1896
1899
1902
1911
1919
1924
1925
1933
1938
1943
1967
1972
1975
1979
1984
1986
1992
1995
2003
2008
2009
2010
2016
2034
2035
2041
2046
2048
2051
2061
2064
2067
2071
2075
2079
2082
2084
2085
2086
2089
2090
2092
2100
2103
2104
2106
2107
2108
2110
2112
2119
2138
2141
4355
2155
2156
2160
2162
2166
2168
2169
2170
2176
2184
2192
2198
2208
2209
2214
2215
2228
2229
2244
2249
2253
2256
2260
2263
2264
2268
2277
2279
2282
2291
2294
2295
2298
2302
2305
2306
2309
2316
2321
2496
3273
2323
2324
2328
2333
2335
2336
2338
2339
2341
2346
2351
2352
2359
2360
2361
2367
2368
2369
2370
2371
2374
2379
2380
2386
2396
2400
2402
2414
2422
2423
2425
2434
2444
2448
2449
2458
311
2466
2472
2477
2486
2490
2491
2755
2511
2514
2520
2522
2527
2531
2541
4448
2544
2551
2553
52
2556
2564
2569
2582
2585
2586
2590
2594
2601
2605
2608
2609
2614
2617
2620
2627
2633
2643
2646
2647
2648
2649
2661
2665
2667
2670
2677
2678
2680
2684
2685
2687
2690
2693
2696
2698
2709
2712
2716
2719
2720
2722
2728
2730
2741
2746
2747
2756
2760
2761
2762
2765
2768
2769
2773
2776
2786
2793
2798
2800
2811
2812
2816
2819
2824
2835
2837
2839
2846
2848
2849
2853
2856
2859
2862
2864
2876
2877
2880
2881
2882
2883
2885
2888
2892
2893
2899
2907
2911
2918
2922
2923
2926
2928
2929
2939
2941
2950
2956
3731
2958
2962
2970
2981
2989
2995
3006
3009
3016
3020
3022
3030
3033
3040
3044
3046
3047
3052
3057
3068
3069
3076
3081
3084
3085
3087
3090
3092
3098
3099
3106
3110
3111
3113
3117
3118
3128
3134
3148
3151
3164
3166
3169
3170
3175
3184
3189
3191
3192
3197
3204
3205
3211
3230
3231
3232
3233
3239
3244
3245
3249
3253
3256
3258
3259
3260
3267
3488
3270
3271
3272
3293
3300
3302
3305
3311
1355
3317
3319
3329
3330
3342
3348
3356
3357
3364
3368
3370
3383
3385
3405
3413
3416
3418
3427
3433
3437
3438
3447
3448
3451
3462
3469
198
3470
3473
3475
3495
3503
3505
3512
3519
3540
3541
3543
3545
3554
3556
3558
3560
3565
3572
3575
4641
3576
3588
3589
3590
3591
3603
3605
3608
3609
3612
3617
3620
3622
3628
3632
3634
3638
3647
3658
3661
3662
3663
3665
3670
3671
3677
3690
3691
3693
3696
3700
3710
3717
3729
1702
3740
3741
3743
3745
3754
3760
3763
3781
3782
3783
3785
4457
3787
3793
3795
3816
3819
3832
3837
3850
3861
3866
3872
3873
3874
3876
3878
3882
3890
3891
3896
3917
3920
3921
3925
3928
3932
3933
4981
3938
3939
3943
3944
3946
3951
3954
3958
3959
3962
3966
782
3984
3996
4005
4016
4031
4039
4047
4056
4063
4066
4069
4072
4075
4077
4078
4083
4087
4091
4092
4100
4105
4107
4108
4112
4114
4116
4120
4121
4126
4129
4137
4146
4156
4159
4160
4168
4169
4170
4172
4174
4178
4180
4185
4197
4198
4202
4203
4208
4211
2093
4219
4220
4237
4238
4255
4258
69
4260
4266
4273
4274
4275
4278
4291
4292
4293
4294
4298
4312
4319
1956
4321
4325
4329
4330
4332
4333
4340
4343
4345
1032
4358
4367
4371
4373
4380
4383
4385
4388
4397
4398
4409
4413
4414
4415
4416
4426
4428
4430
4432
4434
4435
4439
4451
4463
4466
4472
4473
4479
4487
4489
4490
4491
4493
4495
4498
4504
4505
4506
4513
4516
4522
4529
4530
4533
4538
4542
4548
4564
4566
4568
4569
4570
4573
4574
4580
4590
4594
4600
4601
4602
4609
4631
4634
4652
4655
4668
4677
4679
4683
4691
4698
4701
4702
4889
4709
4713
4718
4733
4734
4742
4746
4750
4751
4763
4770
4771
4775
4778
4782
4791
4793
4800
4803
4806
4815
4816
4822
4927
4826
4827
4829
4845
4847
4848
4850
4851
4852
4854
4860
4861
4866
4867
4868
4869
4875
4876
4880
4890
4894
4899
4905
4906
4919
4920
4921
4930
4931
4940
4941
4942
4948
4958
4961
4962
4966
4969
4974
4979
4980
4983
2984
4994
1
4
8
14
15
22
1402
23
26
27
32
47
53
66
67
68
73
77
79
82
83
84
1292
94
98
117
120
122
126
127
144
155
162
163
166
3146
169
173
174
177
186
187
190
192
194
207
208
209
214
217
221
223
231
233
235
244
247
3150
249
250
254
265
280
285
295
298
299
301
302
303
323
324
325
328
329
331
336
338
341
342
343
345
348
349
351
364
366
375
380
386
389
412
415
417
426
431
434
1744
435
446
447
457
458
464
466
467
470
475
478
479
483
484
508
511
512
514
515
520
2406
526
527
1808
546
558
565
567
568
575
577
3312
580
582
585
588
594
596
614
615
623
630
635
639
640
650
656
670
686
688
697
711
714
720
729
731
732
733
737
743
750
754
759
763
769
774
795
804
807
811
815
817
819
825
838
839
845
848
849
856
860
861
863
865
866
3814
871
875
878
883
2550
884
885
887
891
902
904
907
912
915
918
1904
920
921
927
934
940
947
960
962
4006
965
3945
967
3187
968
970
980
984
986
988
998
999
1001
1005
1014
1016
1021
1022
1023
1028
1030
1034
1043
1046
1049
1054
1056
1062
2621
1072
1073
1083
1089
1097
1098
1103
1107
1113
1114
1119
1121
1124
1127
1130
1136
1139
1142
1145
1148
1161
1167
1170
1172
1178
1181
1186
1193
1196
1198
1203
1210
1212
1219
1224
1227
1228
1229
1231
1233
1245
1246
1249
1250
1255
2091
1256
1257
1261
1265
1268
1271
1272
1280
1285
1288
1295
1300
1305
1311
1313
1316
1323
1336
1339
1345
1348
1349
1354
1356
1358
1363
1365
1368
1372
1373
1388
1393
1396
1407
2411
1410
1416
1420
2610
1422
1424
1426
1429
1431
1436
1438
1451
1452
1459
1462
1463
1467
1470
1478
1489
1496
1497
1500
1502
1503
1504
1505
1509
1512
1515
1518
1519
1527
1533
1534
1542
1545
1550
4461
1553
1557
3766
1560
1564
1568
1572
1579
1592
1594
1602
1605
1606
1607
1616
1620
1629
1632
1634
1637
1649
1663
1664
1667
1675
1678
1681
1699
1700
1701
1710
1728
1732
1734
1735
1736
1741
1753
1761
3967
1762
1763
1764
1767
1769
1773
1775
1776
1778
1785
1790
1807
1822
1833
1836
1839
1844
1850
1851
1854
4769
1857
1863
1864
1867
1880
1886
1891
1897
1898
1906
1908
1920
1929
1932
1935
1948
1950
1954
1963
1964
1970
1976
1978
1991
1996
2001
2012
2015
2017
3398
2019
2024
2026
2043
2047
2049
2053
2056
2057
2060
2062
2065
2069
2073
2074
2081
2088
2116
2124
2125
2126
2129
2130
2134
2143
2144
2150
2151
2163
2172
2174
2187
2190
2195
2201
2203
2204
2210
2223
2235
2240
2243
2248
2250
2258
2270
2275
2278
2286
2288
2289
2293
2296
2297
2300
2304
2308
2310
2311
2315
2329
2332
2334
2347
2348
2350
2355
2357
2364
2373
2376
3694
2383
2389
2391
2398
2399
2401
2404
2407
2408
2412
2413
2415
2417
2421
2426
665
2431
2432
2435
2436
2452
2453
2454
2456
2461
2470
2471
2480
2481
2483
2487
2493
2500
2501
2519
2525
2528
2529
2532
2533
4531
2535
2555
2561
2562
2565
2567
2568
2570
2576
2584
2591
2592
2595
2612
2616
933
2623
2628
2635
2637
2638
2644
2650
2651
2654
2656
2660
2664
2673
2675
2679
2686
2695
2697
2701
2702
2703
2706
2710
2711
2715
2733
2735
2738
2740
2749
2750
2751
2766
2771
2774
2777
2778
530
2780
919
2781
2782
2788
2794
2801
2802
2803
2822
2823
2829
2833
2836
2838
2841
2842
2855
2858
2871
2873
2875
2887
2891
4736
3218
2896
2902
2910
2917
2919
2924
2925
2932
2934
2935
2937
2946
2947
2954
2960
2966
2969
2971
2972
2980
2985
2991
2994
2996
2997
2998
3003
3004
3007
3012
3013
713
3014
3025
3028
3051
3053
3055
3058
3066
3067
3078
3080
3083
3089
3091
3107
3114
3115
3127
3132
3133
3136
3138
3140
3141
3143
3145
3154
3172
3173
3182
3188
3194
3198
3201
3212
3219
3223
3224
3234
3237
3246
3248
3269
3276
3280
3281
3282
3285
3288
3289
3292
3295
3307
1435
3310
3315
3316
3318
3320
3324
3328
3347
3349
3355
3358
3361
3371
3372
3374
3377
771
3384
3388
3389
3402
3414
3421
3423
3439
3440
3442
3444
476
3449
3450
3453
3454
3456
3458
3468
3489
4280
3494
3496
3499
3513
3517
3525
3528
3530
3532
3533
3537
3546
3553
3555
3561
3569
3571
3577
3579
3587
3595
3597
3601
3614
3616
3627
3635
3639
3644
3654
3669
3676
3682
3687
3688
3692
3697
3704
3706
3714
3718
3720
3727
3728
3730
3733
3737
3746
3747
3748
3758
3759
3761
3768
3772
3775
3777
3780
3786
3790
3791
3792
3803
3808
3811
3824
3828
3830
3831
3834
3840
3844
3847
3848
3849
3854
3860
3862
3865
3879
3885
3889
3893
3895
3898
3902
3903
3904
3908
3909
3919
3930
3931
3937
3941
3942
3947
3948
3957
3965
3973
3975
3980
3983
3987
3990
3991
4004
4007
4013
4017
4024
4029
4035
4040
4041
4043
4048
896
4053
4054
4059
4084
4086
4088
4094
4101
4106
4113
4124
4130
4131
4136
4138
4140
4147
4148
4149
4154
4162
4167
4171
4173
4182
4186
4190
4210
4214
4217
4221
4222
4224
4227
4230
4236
4248
2154
4252
4254
4259
4271
4279
4285
4301
4304
4320
4327
4339
4344
4347
4354
4363
4378
4379
4382
4386
4387
4401
2488
4402
4403
4404
4408
4410
4423
4424
4427
4433
4436
4443
189
4444
4447
4452
4456
4464
4467
4468
4469
4477
4593
4478
4482
4483
4484
4486
4496
4500
4508
4509
4511
43
4512
4514
4518
4519
4526
4532
2636
4535
4545
4547
4551
4552
4558
4560
3294
4563
4567
4584
4591
4607
4608
4616
4621
4623
4630
4640
4642
4648
4650
133
4658
4660
4663
4664
4669
4670
4678
4680
4682
4823
4684
4689
4692
4697
4703
4704
4706
4707
4710
4721
4727
4728
4732
4735
4737
4748
4761
4764
4768
4772
4773
4777
4781
4785
213
4786
4790
4797
4798
4804
4807
4808
4809
4814
4817
4818
2455
4821
4824
4832
4833
4837
4853
4870
4874
4877
4878
4886
3019
4892
2173
3340
4896
4902
4907
1050
4909
4911
4912
4913
4916
4922
4925
4928
4938
4939
4945
942
4951
4959
4960
4963
4965
4972
4973
4976
4977
4984
13
19
25
29
33
37
38
40
50
57
65
75
81
86
87
89
96
97
99
103
123
124
139
141
143
146
153
154
167
170
183
185
191
193
199
200
201
202
205
211
215
219
222
229
236
237
255
256
275
278
289
294
1599
709
300
304
4009
340
347
352
354
363
373
374
381
388
402
403
404
405
410
416
438
442
443
444
452
471
472
482
488
497
501
503
505
510
529
532
534
538
540
543
549
552
569
587
597
598
608
609
610
619
3108
626
632
641
644
646
647
654
655
663
668
669
678
681
696
699
703
704
706
715
722
724
725
734
749
756
760
765
773
780
793
797
798
821
828
830
841
842
843
851
1603
3161
1232
855
868
874
1691
881
886
897
901
903
908
926
4562
928
929
931
936
943
946
948
949
950
951
952
964
975
979
981
992
994
1007
4802
1012
1019
1024
1025
1033
1038
1040
1042
1047
1063
1080
1086
1092
1096
1100
1115
1116
1120
1129
1132
1134
1140
1150
1162
1166
1175
1180
1183
1613
1185
1195
1208
1209
1215
1216
1220
1222
1234
1238
1253
1279
1282
1284
4303
1286
2439
1287
1289
1291
1297
1298
1301
1303
1307
1312
1317
1318
1319
1337
1907
1346
1347
1351
1367
1379
1380
1385
1394
1398
2951
1401
1403
1408
1556
1418
1423
1430
1177
1434
1439
1440
1443
1447
1449
1458
1473
1474
1479
1490
1492
1513
1520
1521
1525
1530
1532
1540
1889
1544
1547
1552
1569
1574
1582
1586
1587
1595
3403
1598
1609
1614
1618
1622
1626
156
1651
1655
1656
1660
1665
1670
1673
1684
1696
1708
1717
1721
1723
1726
1730
1739
1742
1743
1745
1747
1748
1751
1757
1758
1770
1780
1786
2381
1787
4244
1788
1789
1797
1802
1812
1826
1831
1834
1837
1840
1846
1852
1870
1871
1881
1887
1905
1915
1916
1922
1923
1928
1939
1958
1966
1968
1973
1974
1982
1985
1993
1997
2000
2002
2004
2011
2014
2021
2028
2033
3623
2037
2042
1680
1118
2044
2058
2066
2072
2083
2657
2098
2099
2105
2111
2115
2118
2121
2122
2123
2142
2147
2181
2188
2191
4018
2194
2212
2213
2216
2217
2218
2236
2238
2245
2247
2261
2262
4272
2265
2273
2274
2283
2285
2292
2320
2325
2340
2362
2363
2366
2377
2385
2393
2394
2403
2405
2409
2410
2418
2424
2433
2438
2440
2459
2463
2464
2465
2468
2474
2478
691
2505
2506
2510
2512
2516
2518
2526
2538
2539
2542
2545
2554
2557
2558
2070
3038
2571
2573
2578
2579
2587
2588
2589
2593
2606
2611
2615
2622
2624
2625
2631
2632
2639
2640
2652
2659
2663
2666
2668
2671
2683
2691
2692
2708
2714
2724
2745
2754
2779
4209
2784
2785
2790
2795
2807
2809
2818
2826
2827
2832
2843
2844
2850
2851
2863
2868
2869
2874
3088
2890
2894
2897
2898
2901
2905
2909
2920
2938
2948
2949
3812
2953
2963
2964
2973
2978
2982
2987
3001
3005
3008
3011
3018
3029
3035
3049
3059
3060
3071
3073
3075
3077
3082
1567
3093
3094
3095
3096
3100
3101
3103
3105
3109
3116
3120
3122
3125
3130
3131
3137
3147
3157
3163
3165
3168
3174
3176
3179
3196
3203
3207
462
3209
3214
3215
3217
3240
3243
3247
4686
3252
3261
3264
3275
3290
3291
3299
3321
3323
3327
3334
3338
3341
3343
3344
3345
3351
3353
3354
3359
3362
3380
3381
3387
3392
3393
3399
3404
3410
3415
3419
3420
3426
3441
3452
3455
3459
3461
3463
3465
3472
3479
3482
3484
3486
3502
3506
3507
3515
3518
3531
3538
3549
3550
3557
3562
3566
3578
3594
3607
2319
3615
3618
3624
3629
3631
507
3636
3646
3650
3652
3656
3657
3664
3666
3673
3674
3680
3689
4362
3702
3715
3716
3732
3734
3735
3742
3744
3751
3762
3776
3779
3788
3796
3809
3815
3821
3838
3839
3846
3857
4082
3858
3859
3863
3875
3877
3888
3892
3897
3906
3907
3914
3916
3923
3929
3934
3940
3953
3955
3961
3969
138
3970
3977
3999
4000
4003
4012
4015
4023
4030
4051
4995
1066
4058
4068
4076
3833
4080
4081
4085
4095
4099
4104
4122
4127
4128
4132
4134
4135
794
4141
4143
4150
4153
4161
4164
4229
4165
4175
4184
4213
4216
4232
4233
4234
4240
4245
4249
4250
4277
4282
4287
4290
4307
4314
4318
4322
4334
4338
4384
4389
4390
4392
1273
4395
4399
4400
4412
4418
4420
4421
4437
4442
4454
4455
738
4459
4460
4471
4475
4481
4501
4507
4510
4575
4515
4517
4520
4521
4524
4525
4534
4536
4537
4539
4541
4543
4544
4555
4557
4565
4577
4586
4597
4619
4622
4628
4629
4637
4638
4639
4643
4676
4696
4705
4712
4715
4719
4722
4731
4605
4738
4741
4744
4767
4745
4747
4757
4759
4762
4776
4780
4900
4783
4784
4183
4789
4796
2543
4810
4812
4819
2523
4828
4830
4836
4841
1169
4844
4846
4857
4859
4872
4901
4903
4923
4933
4943
4950
4954
4957
4964
4967
4970
4997
17
85
95
106
1326
685
114
1199
128
130
145
147
148
181
188
196
204
227
228
246
1597
251
260
266
267
2330
284
287
306
313
335
367
390
395
399
2221
408
413
460
465
493
513
1294
1266
517
544
555
566
570
604
627
2020
671
689
3725
700
717
730
735
758
768
775
787
803
836
889
910
911
938
955
2726
971
972
973
995
1010
3056
1013
1151
1155
1018
1035
1048
1057
4617
1059
1065
1076
1085
1094
1101
1109
3722
1137
1146
1147
1160
1223
1628
1320
1321
1324
1325
1331
1338
1344
1350
1352
1360
1362
1369
1389
1400
1405
1433
1444
1448
1450
1454
1460
2416
1468
2109
1471
1491
2955
1507
1537
1541
1554
1581
1585
1601
1623
1624
1636
1641
1644
1654
1666
1676
1683
1687
1688
1690
1692
1698
1703
1711
1731
3855
1737
1768
1806
1816
1817
1821
1827
1828
1830
1841
1843
1849
1853
1869
1882
1895
1918
3394
1927
1940
1944
1947
1951
1957
1959
1960
1961
1977
1981
1987
2022
2023
2030
2040
2045
2054
2059
679
2063
2078
2095
2097
2101
2102
2128
2131
2137
2145
2148
2149
2157
2165
2171
2175
2177
2179
2180
2183
2185
2206
2211
2219
2231
4673
2239
2242
2257
2259
2280
2290
2301
2307
2313
2327
2331
726
2342
2344
2382
2384
92
2395
2489
3190
4195
2492
2494
2495
2497
2498
4299
2504
2521
2534
2547
3050
2548
2552
2574
617
2580
2597
2598
2600
2602
2618
2629
1267
2642
2676
4218
2682
2700
2707
2721
2723
2729
2743
2748
2757
2789
2797
2799
2815
2830
2834
2840
2861
2886
2908
2936
2945
2961
2974
4064
2983
2988
2992
3026
3034
3037
3054
3061
3062
45
3072
3079
3119
3123
3152
3159
3749
3178
3186
3193
3195
1647
3199
3200
3222
3225
3235
184
4887
3238
3251
3255
3265
3283
3284
3297
3298
3314
3335
3360
3373
3382
3386
3397
3406
3322
3412
3425
3430
3436
3457
3476
3477
3480
3485
3491
3492
3497
3511
3514
3516
3522
3524
3559
3564
2127
3581
3466
3585
3606
3621
3630
3633
3637
3641
3648
3653
3655
3659
3672
3678
3683
3685
3701
3703
3711
3712
3723
3738
3739
3755
3771
3778
3794
3798
4910
3799
3804
3826
3827
3845
3853
3870
3887
3894
3905
3949
3971
1006
3988
3992
4002
4008
4011
4021
4022
4027
4028
4034
4044
4045
4062
4071
4073
4090
4096
4103
4115
4166
4189
4207
4225
4242
4246
4253
4263
4268
4270
4288
4317
4326
4328
4336
4349
4375
4381
4396
4406
4446
4458
4462
4465
4474
4476
4480
4497
4546
4553
4556
4625
4572
4576
4579
4596
4599
4604
4610
4615
4618
4624
4636
4644
4645
4653
4667
2933
4685
4687
4693
4695
4729
4743
4752
4754
4838
4766
4794
4795
4805
4871
4883
4888
4904
4908
4918
4935
4937
4975
4989
4990
9
30
100
112
113
3464
160
178
257
269
270
279
2674
3625
317
322
369
393
414
463
468
489
4351
496
1760
499
504
509
557
572
605
611
613
621
624
643
672
674
690
694
698
708
777
791
806
873
882
905
989
1000
1004
1036
1055
1068
1074
1104
1112
1138
1157
1159
1171
1191
1239
1242
1258
2752
1306
1340
1375
1442
1456
1475
1485
1493
1498
1535
1559
1570
1580
1668
1689
1722
1755
1759
1792
1847
1848
1865
1877
1885
1900
1903
1909
1912
1921
1942
1946
1955
1998
2013
2087
2096
2113
2120
2135
2136
2140
2153
2202
2189
2200
2207
2226
2284
2317
2375
2392
2397
2419
2484
2499
2509
2530
1819
2540
2560
2566
2599
2604
2634
548
2641
2662
2688
2689
2857
2713
2737
2744
2804
2805
2806
2810
2845
2847
2852
2872
2889
2927
4060
2942
2977
2979
2990
3023
3036
3041
3063
3124
3135
3144
3156
3171
3177
3185
3226
3241
3268
3326
3332
3337
3390
3409
3422
3431
3432
3487
3539
3551
3567
3611
3643
3708
3721
3726
3752
3802
3807
3836
3867
3880
3900
3901
1766
3950
3964
3989
4019
4026
4061
4070
4194
4196
4251
4257
4261
4262
4265
4269
4281
4308
4313
4324
4348
4353
4360
4393
4405
4438
4502
4527
4528
4571
4647
4656
4662
4671
4672
4699
4765
4774
4779
4787
4811
4839
4873
4879
4302
4985
4996
21
107
195
212
292
333
359
385
474
477
522
721
813
954
982
1275
1296
1333
1466
1511
1615
1645
1746
1765
1784
1856
1893
1894
1913
2031
2159
2318
2387
2428
2437
2443
2460
2513
2607
2619
2645
2718
2742
2764
2860
2878
2914
2957
4726
3042
3139
3158
3162
3180
3213
3216
3254
3309
3339
3501
3586
3542
3583
3600
3642
3724
3770
3810
3822
3829
3886
3997
4010
4025
4038
4049
4052
4057
4118
4152
4235
4247
4315
4346
4370
4429
4485
4492
4561
4587
4598
4649
4659
4694
4708
4716
4835
4856
4891
4895
4897
4917
3336
4929
4956
4968
4991
4999
41
121
309
353
551
603
675
816
870
991
1044
1274
1399
1576
1713
1941
2076
2246
2337
2451
2572
2705
2814
2900
2930
3266
3296
3303
3529
3681
3843
3924
3986
4020
4199
4243
4394
4882
4932
516
932
1158
1514
2457
3021
3210
3236
3333
3736
4585
969
1712
4992
4952
4163
