21716800
2013
787
2412
4622
649
1373
2671
4160
1139
1848
2936
153
1258
4846
691
3498
2853
1859
3123
1073
4337
2704
4631
2605
352
171
1966
590
909
279
3726
828
811
4403
4246
3758
1357
869
4197
1454
3727
2414
297
1482
4105
51
919
656
4827
3560
1239
2112
1309
3147
3532
991
3007
3330
1834
376
4550
2235
1853
3509
2499
3711
3202
281
2493
1523
1467
1417
242
44
1431
558
3053
3120
3361
3139
3637
493
1770
5000
775
4436
2376
4978
2270
4469
108
3643
1206
2004
845
3346
1500
351
4596
1202
3265
2247
349
112
1734
1754
2855
4971
4343
4459
3079
4917
997
1061
1024
4117
186
2173
1219
2850
3562
4778
3190
3712
3578
1216
4951
4041
194
3185
1329
1880
4202
3887
1158
311
4389
4553
1114
3809
2876
387
1129
4984
3354
4379
891
523
3721
633
3406
3141
1334
2027
2162
3375
721
4473
3864
1018
4329
4701
2508
2258
470
3663
169
717
2260
3051
2439
2503
2712
3393
335
2902
4496
4090
3042
3002
2261
3370
2833
4838
977
4240
4039
3214
3437
574
4366
2466
4560
2954
4166
3871
4185
1066
432
2804
2052
3325
1904
1248
840
3540
3861
723
2890
1953
2442
1716
4933
1064
2241
762
1281
2249
3093
4726
1847
4763
4401
3710
2642
1786
4452
2489
2858
4506
2002
67
3717
1605
4804
3271
600
1193
2273
806
1040
3401
2149
1558
4130
4575
2628
3377
1445
4727
451
2920
2136
3494
4539
2334
2828
348
4888
1318
4363
2720
2728
791
645
2601
259
1649
3644
672
1382
3204
3219
1229
3420
3333
89
2738
668
660
2996
1863
4800
4134
3496
1838
1235
3747
243
3937
730
1399
282
1068
4661
767
2524
4140
742
3136
815
357
715
4938
4035
1928
725
1613
3972
4964
246
2154
3598
2441
2988
3707
2886
3553
4477
1004
354
4426
4123
864
3430
4143
4043
393
2471
777
603
3269
3305
1710
2814
1660
663
2759
1234
4974
4151
4820
2322
2067
2009
1374
3460
2397
1027
2456
1494
1972
3311
3649
1593
2296
1597
2963
1884
2072
4694
1313
2108
2491
2977
1773
3588
1076
1092
4511
4943
2420
796
2544
2743
3114
3210
4731
2723
637
4655
1527
2262
3690
2478
3378
377
4040
1432
520
4180
1906
2758
2926
2021
2835
2068
2232
2031
4937
1750
3324
2741
3674
2141
863
416
1885
582
4603
2714
2380
4373
1159
1851
1167
849
1779
3517
3817
800
3423
3107
2229
65
4322
1459
1604
3298
309
1681
457
4478
2028
1376
4386
2123
100
1173
4812
3372
3419
2509
1422
4979
83
1956
4398
2950
4770
422
4065
3549
1350
3205
3365
1254
1607
982
1463
3988
2823
3917
3417
4568
258
480
1117
2117
117
2672
1700
3179
2578
1391
1264
1823
3930
141
1465
4513
2368
1925
2319
784
2346
3384
4714
1169
1360
3178
4162
2103
2610
3658
4848
3133
2747
1930
4909
3754
2078
3655
3829
1062
4323
2198
1053
1531
2668
4231
4563
842
3167
4612
2960
2459
1807
190
2742
4150
2487
4520
2207
1588
3866
3524
1501
2359
2076
2217
4481
2399
3962
4662
3525
157
3563
610
214
3843
4429
1415
1571
4427
938
2372
1557
3948
4902
3719
4874
2062
3171
2010
2618
566
2917
4776
855
4855
2039
2094
4315
3143
3172
3028
1568
4411
3480
2437
4944
363
4834
1617
4638
3060
2885
2669
3662
401
4070
367
1989
2972
2405
3541
249
3854
2449
4285
4468
978
3144
4069
2695
3462
4912
3035
3766
2919
3500
2325
2223
4832
4738
2585
4489
2587
1070
3736
2534
1760
3904
5
40
979
1366
3633
1301
2239
3056
3982
2859
3511
2204
35
3535
3862
2561
689
2945
284
2358
2719
2287
4460
19
4751
2165
1672
3487
4986
4837
3054
2386
1730
579
4084
1955
159
1876
340
3792
3188
3110
2693
3357
1407
601
3612
1580
4314
459
4205
1882
699
1957
1975
2495
1473
2749
4244
136
2041
4718
1413
4410
1491
3363
1717
392
2497
1355
1728
172
3963
4081
2931
2658
4082
4248
3483
1456
1817
720
316
2734
72
2613
4765
3879
4708
1715
596
1277
3818
4616
414
4773
4060
584
957
80
4301
1291
1011
4493
3135
2519
3626
4873
3679
3768
167
1153
736
3615
3113
4045
635
2234
526
4877
2354
4818
2515
1403
1069
3870
2757
2280
3217
604
1742
1614
1827
622
1805
2875
1308
4564
92
4934
2170
1923
4255
2281
25
1567
4977
4280
3432
831
2379
1676
4680
4948
958
546
406
3142
1486
937
4607
4402
2650
2962
3091
2633
4796
3247
4137
790
219
2240
4542
1949
3492
4885
967
4685
3699
339
1223
1143
4292
4369
2121
1433
203
1132
2683
2753
906
3724
3552
272
4406
4777
4437
325
4399
3960
4377
2316
659
1460
992
2236
2192
3328
3387
3751
386
531
541
3001
4283
4625
292
3918
4101
4789
3822
1428
4850
750
2174
4538
805
1074
712
4775
4297
2340
3340
1099
86
1275
49
45
4038
2385
3601
4275
3030
3381
355
1535
4824
3032
1520
4996
4029
686
4113
1646
4055
2142
2073
4794
4393
4562
3660
3901
1721
1453
4127
148
793
3052
2461
4551
3272
4054
1218
3122
3092
4639
895
4485
1515
3853
99
3477
1436
1409
2040
1583
2447
4462
165
4001
1178
963
3481
3922
2200
274
3801
4676
3940
329
3180
3925
3744
1600
4822
4966
3478
3824
4735
552
55
50
1353
4047
2975
1618
1287
1421
2701
1242
3407
2351
312
1971
735
3273
1493
586
4531
4415
1097
1978
1819
2586
760
3907
1616
2895
4543
892
3673
260
2197
1724
2219
4061
510
2999
4899
4149
4970
472
2266
3574
3435
344
2336
4021
1446
239
399
935
103
1954
4611
3323
134
819
1016
1243
2797
2151
1043
942
2622
3841
2419
1507
421
2756
4764
511
4613
547
2770
3297
1211
3769
1722
2047
2390
382
3162
3723
4287
2171
429
2663
1626
1664
1377
3074
3648
2620
4308
673
1860
162
539
188
2924
1629
2662
178
1749
2181
3059
356
324
1498
4226
729
4892
3012
105
3022
1933
4156
3036
974
412
1806
1833
4797
3335
3108
4208
4119
3845
1981
2496
2374
1905
3240
2549
2948
1927
998
682
4646
3646
3877
147
4918
2818
3868
2183
884
4679
4946
3837
2307
4734
2484
3571
2535
3709
1886
4956
2733
1611
2670
744
2631
176
2651
4585
1041
505
2847
3928
517
4882
1769
2689
4853
4876
1547
3394
1564
4941
1088
1858
3341
2276
2921
1214
2283
634
4228
3465
2575
2715
677
2079
4120
4583
3020
3627
2104
3442
1339
2465
2426
2182
4350
3083
2035
1437
4257
3131
1908
1251
1276
1033
3081
4198
4397
2702
3334
2492
1999
1633
1082
1855
3444
4087
368
2452
2705
817
608
3953
1875
1502
4470
4939
1881
362
1426
2567
1988
3241
4736
1732
1176
1776
3782
2058
3263
1587
3470
2664
1307
1871
180
2883
1530
168
4194
3990
3221
1684
1177
4419
4167
3881
578
4079
3014
144
778
595
4516
1701
4222
2302
3367
3716
708
1442
3242
1233
4018
3069
545
2766
4229
3371
4174
4099
1647
3755
4179
1397
3193
858
350
4786
4591
2407
2817
3848
4328
2884
213
4431
995
240
2050
4816
98
3438
2981
2285
4672
1145
2845
1963
621
1556
2458
2199
907
2015
2085
2211
4404
2944
1001
1420
2927
3101
2253
195
4985
4660
4002
1586
318
3632
241
706
1163
3897
4993
327
4361
2125
2951
3176
676
1026
1524
1968
2139
1926
930
1447
4186
525
173
2191
3622
3071
804
90
4333
96
1005
4024
807
4400
1419
3455
4420
2711
4674
1002
4895
337
688
3599
4298
410
75
3635
3353
1737
4277
151
4707
3624
4771
3813
549
2124
4118
4086
2264
4199
4142
490
3860
3756
2906
4476
2252
207
2539
3631
3117
3527
1266
3979
3280
4836
3993
872
489
161
3411
4733
289
2940
912
4031
198
426
364
3786
4891
786
543
2665
4803
293
1182
661
2418
3390
4930
1247
4048
4927
4619
836
1634
4839
3209
2306
3770
129
79
1508
2985
3761
3773
2037
4089
1314
1579
3836
1538
4262
2746
2482
843
2645
2080
3827
3040
3027
2941
2193
1673
823
4311
1370
3926
1640
285
4324
2656
477
211
3479
2332
3884
2540
1271
3908
4430
156
1046
2806
3912
4486
380
1231
3505
4093
2697
847
2530
4146
1298
2946
1663
3213
4309
2971
898
758
705
443
1324
4027
4656
741
139
3348
1816
2349
2396
4893
465
1401
1240
2224
1651
2675
4409
1656
7
3796
2593
774
1615
4260
4644
3391
2060
1693
4684
1755
701
4272
1808
497
1668
1868
3729
3322
4164
868
3279
1677
1440
1207
3579
585
3814
4388
4497
1798
1272
1322
2666
2677
2793
1950
4627
4464
3900
3700
1148
3840
642
2764
2525
2338
822
1815
1900
748
1608
4825
390
3065
1385
2436
3362
1489
2453
3531
2413
692
2288
3609
3665
4058
4488
1714
2982
2564
3230
3537
491
2304
2110
4212
2588
2250
4576
1964
4972
2430
2308
4203
4835
2363
1650
2682
501
4136
2305
1335
3426
2228
3175
1098
1839
3424
3088
1695
1741
825
4669
2434
4715
2660
2893
299
3785
4011
4919
536
966
643
4606
1492
4219
1332
653
2891
1919
4780
3466
3089
3358
4417
1157
4242
965
752
4276
614
4663
2973
4299
419
4163
4241
4214
182
515
119
2896
4053
3080
4036
3816
3536
265
4274
3000
929
1014
2467
2366
4159
2639
2882
3493
3181
1056
3243
3543
1802
4729
3294
418
1049
910
2563
3664
2215
3130
2878
4955
4092
486 4593
142 3888
61 4425
4537 77
2992 2812
4371 333
1256 3248
3396 821
2709 1899
530 3290
3226 953
2707 1909
1765 4416
1475 2337
3760 37
3332 1733
252 3959
181 4455
1497 2114
1622 2018
4004 781
1920 4233
3351 563
4472 166
2703 1183
106 3958
2238 3421
15 4654
2687 1188
851 1922
1638 3177
2194 3617
463 3352
1685 4548
3564 727
1862 4344
763 2375
2543 3137
3484 1566
3607 580
2872 2477
498 3061
233 4382
1643 1976
474 3222
1739 2195
2783 2694
2406 2355
2036 4056
2521 1406
3746 496
2218 1810
126 3890
896 2824
2227 1793
2690 1973
1526 3356
48 3776
2106 1662
3099 1383
2774 1813
931 1756
1343 38
3482 435
1013 3510
700 2594
3696 1369
3449 1022
1170 2444
987 1517
3227 983
317 3886
2928 2476
152 4250
270 3899
1748 2934
1141 2460
1488 3392
4588 22
926 2811
2344 2462
2075 3832
1711 3025
3237 1898
1300 223
2433 2347
3309 886
1175 1190
2257 2568
1947 4121
2591 3058
1936 4183
679 2727
170 4207
3977 939
2538 1394
3212 1943
2692 1965
63 3992
2065 3842
1174 3450
2320 3285
452 3359
228 3759
2222 1800
1125 3321
2501 2161
3044 2054
593 2868
3651 553
131 3984
1133 3544
295 3594
2776 1108
2189 1811
1078 3921
110 4340
1244 229
1689 2230
960 1540
66 4633
1762 2550
3037 1085
1384 2365
1058 2582
2131 3692
2810 1023
1387 2213
3752 53
2480 1474
3669 257
1903 4336
476 4293
276 3680
1006 1503
1304 202
587 3810
4075 307
1844 4391
2206 2152
2367 2410
4129 36
1510 4648
4158 244
2608 3009
535 2959
4095 127
702 3788
648 3256
833 2268
115 4540
323 3731
1215 1054
2900 1154
3503 1559
2202 1562
319 3799
2500 2299
993 2644
353 3530
4405 304
2552 1358
189 4182
1479 2976
844 2088
1599 2259
3584 1481
2024 4072
4320 102
2688 1187
3945 1156
798 3038
2064 3851
2775 2725
2243 3373
3087 850
1746 4443
532 2961
3235 946
2788 1075
769 4131
3441 788
951 2799
1072 1220
217 4168
3878 209
2303 2071
1439 4865
2958 1552
2180 3621
2309 1783
1703 4499
1768 2930
2942 2395
3095 2007
3604 1411
328 4073
1675 2673
3152 999
4687 18
3610 554
932 2849
3293 927
814 4019
1209 3838
4479 91
4435 216
2974 1522
3043 876
3597 269
1707 4471
3102 809
3682 880
3521 922
591 2939
3155 1958
4232 174
3828 391
1542 2321
2328 3277
695 3207
469 4304
1055 1310
2623 2938
140 4512
2244 3317
2541 1400
945 1736
264 4327
711 3112
865 4015
2529 1490
1706 3047
3475 1577
522 3976
4281 143
2784 2611
716 2474
2614 2968
2470 2317
2201 1576
1532 3336
1534 3292
3750 1359
1867 2126
1477 4790
903 1856
669 3249
3300 921
2184 1849
3456 1659
1331 2402
1822 2510
3956 1105
4530 84
2596 1274
753 3695
2696 1942
1504 4750
719 4145
885 4012
4171 17
651 3639
3018 2212
3062 866
904 2887
87 4629
3075 1083
78 4224
3882 598
2507 1818
761 3675
3777 514
3596 626
95 4356
2255 2486
431 4014
3650 492
3689 199
4 4507
2752 2834
2345 3259
576 3274
1878 1785
3585 1418
948 2744
873 1914
1282 2364
275 3728
1090 3383
577 3266
201 3645
970 2684
4296 375
232 4126
3057 1449
789 2894
3800 449
4533 262
3911 373
1572 3268
31 4653
3233 1913
1423 3583
1429 4870
3863 1250
2881 1686
2537 1792
1487 2910
3026 2148
74 3745
3789 456
848 3573
519 3299
4821 4085
4148 250
2915 1222
1630 1990
3429 542
420 3668
2520 2137
1803 2897
2048 3969
1410 2210
3238 1824
440 3338
2443 2329
2056 3961
1960 2786
2120 2674
3980 371
3952 1028
2990 1518
1708 2626
10 4752
3467 1610
306 3593
1067 1237
230 4395
1019 2602
782 3806
2518 1581
2816 1718
1461 2352
2084 1670
3184 1032
1319 81
2892 1653
1330 60
1982 2093
4128 629
2350 1962
1723 1902
1137 2485
1814 2841
3310 914
369 3408
3808 444
2003 2282
1624 2698
1226 3127
544 3966
2032 2160
956 2798
3431 754
882 2836
3902 383
1916 4294
4556 73
109 3939
138 4521
3539 654
4083 757
2431 1496
2034 2680
2989 1124
1977 2105
3693 561
1698 3109
2548 1392
2029 2265
267 3916
3713 130
573 4211
2432 1915
685 2616
3409 797
571 3270
2134 3670
1265 2415
1912 4306
326 4326
620 3924
874 3554
1945 2454
2473 1854
1998 2077
2646 2030
4269 524
2008 4104
3203 709
1381 2997
1180 2532
678 4193
3103 1991
3831 428
467 3329
3464 1612
1464 2778
810 4068
1759 2546
427 3468
1268 3295
1512 3368
1657 4565
1997 2686
652 4201
20 4555
2089 3804
398 3683
766 3656
1642 2576
2556 1772
3490 693
2843 975
2023 2768
1632 2612
1116 2570
728 3073
3046 1451
1342 3098
2294 2562
4862 4190
1361 2214
16 3857
3119 1065
2558 2122
4138 256
2864 2516
2271 2463
395 3502
2505 2144
2066 2286
606 3260
2528 1506
3264 941
4252 439
2225 2621
97 4438
2046 1671
3461 528
3933 1225
2393 1832
2657 1320
4547 245
4034 771
1619 3246
2635 2081
3590 1412
1450 3570
2277 2138
972 3491
3150 1025
1172 3223
3473 455
4331 122
2830 1499
2935 1563
3327 870
2209 3507
575 3764
1126 2553
703 3169
2755 2745
3914 370
1666 3165
3634 1390
602 3748
2424 1596
3965 1015
973 2779
2718 1658
2404 1514
3565 334
3821 468
1292 2360
3661 521
2907 1278
795 3547
674 3234
2295 3286
85 4249
1938 4125
3016 1939
1230 3458
2632 1253
1280 2369
3275 1775
4342 47
2323 2000
1620 2655
2130 1959
4220 464
2097 2636
4097 82
430 3443
1984 2083
1010 2710
1809 2147
665 3896
1644 3111
883 3730
745 3076
3889 248
3486 990
1186 3418
3097 835
3849 631
2353 1740
4372 384
1171 3308
208 4359
3995 859
2773 1555
1338 2220
210 3784
696 3166
911 2813
2856 2579
3625 513
1047 2592
2411 1829
1804 1842
1946 2877
3774 1303
4091 224
4717 4615
2638 1327
1138 3885
1283 3034
2708 1217
4050 756
559 3283
2653 1683
3605 627
1378 3397
605 3722
3514 969
1299 3404
1565 3289
799 3538
3236 1191
251 4116
3225 955
359 3436
1289 3019
1639 2600
3981 1017
1874 2115
1536 2724
2569 1731
1861 2838
1003 3347
3463 473
1472 3501
887 3416
3439 751
3787 411
4367 29
857 2861
3691 853
1354 2889
1389 4950
3685 235
1296 2246
747 3819
2216 1554
1448 2862
1305 2995
2748 1185
3825 466
1444 4849
365 3412
3173 1761
2624 1328
2914 1364
1241 2457
4016 4712
3010 888
550 3951
994 2750
1106 2522
4237 226
1071 3602
1279 3812
1553 2107
655 3252
3170 959
1778 2922
2362 2421
2918 1213
3129 740
3883 583
3104 776
3145 1035
2860 947
3251 599
42 3783
3008 1091
4699 4894
4868 4141
877 2848
1837 2479
803 2993
23 4536
111 3936
3569 684
3973 372
2153 1872
2059 2313
273 4147
4384 321
3140 1985
2143 1940
507 3978
3452 739
2233 2051
802 3805
1194 2435
2186 1831
2846 1462
1720 2205
4332 34
2589 3064
2937 1144
460 3320
2026 2333
2983 1120
2092 3781
1729 2980
4187 551
2119 2771
3576 697
2627 1661
137 4282
3927 177
1198 2423
1830 1835
3023 1935
2803 1549
1627 2625
854 3422
4475 164
3715 794
1197 3159
94 3742
1548 2275
759 3839
1921 2401
852 3469
4444 8
1095 2584
1869 2116
1212 2398
1757 3094
221 4353
1941 2315
3587 889
1637 3077
454 3337
2038 2648
2348 1771
3116 1889
1704 4480
1408 3603
3451 772
1295 2403
2796 1591
3620 548
3891 212
1052 3395
3903 537
1297 3191
2472 1483
448 3974
1375 3654
193 4433
1284 3749
3954 4889
4414 361
4010 305
707 2531
2667 2842
936 3349
3257 1795
409 4317
2383 1519
3380 827
3534 667
121 4503
4346 4760
829 3741
1404 3326
2284 3315
2017 1679
3096 1425
3082 860
3121 1341
2377 1678
846 2912
826 2943
4898 3968
4100 690
453 3345
2659 2226
28 4439
3893 389
1351 3382
915 3762
1574 2721
1430 3250
4184 664
4057 300
1089 3567
2607 2242
1516 3278
3434 1093
594 4098
4234 158
2475 1747
1039 3344
3835 1150
1094 3909
400 3681
1826 2506
1060 3284
538 3790
3447 779
3616 619
2245 2573
4064 231
4490 4589
2343 2469
2145 2598
3566 291
4541 4552
2269 2044
988 2652
1337 3385
2203 3550
1379 3306
1948 2854
2389 1841
534 4235
3515 962
2831 1352
2069 1974
478 3124
3847 1260
2790 1794
3457 1020
2118 2263
820 3765
2740 2164
116 4025
3657 261
278 4088
4385 4407
2580 1712
2425 3200
3261 940
768 2953
3548 714
2987 1980
2022 1993
205 3636
683 3195
3471 996
4338 360
1199 3508
1709 2998
1203 3154
2857 1713
1738 3100
2391 2335
1791 2512
3156 1050
4051 237
4586 58
3453 540
2619 1267
1038 2654
3934 1096
875 2909
1371 3024
4852 4768
1080 2604
638 3659
4254 70
1262 3398
1123 3331
1594 3192
920 3718
4267 69
314 3559
2700 1667
1894 2901
2016 2272
4766 4587
981 3671
3149 1269
2095 3734
2760 1112
1086 3276
1121 2555
1000 2630
160 4390
255 4221
504 3003
2190 2595
3126 1057
3201 1255
737 3844
4111 286
345 4247
3892 1122
1149 3319
3288 564
3302 1725
2574 2109
785 2925
3935 475
2603 3049
509 3830
3350 1674
4987 4688
3472 724
3376 816
2523 1687
2815 1021
104 3739
3640 1317
488 3301
4432 4989
2289 2001
3506 687
3526 722
2172 2177
2685 1196
146 3725
1424 3287
56 4303
2606 2091
4801 4785
3619 624
4284 200
2057 2739
2577 1336
1471 2167
2011 2822
192 4176
3823 1273
3228 968
1699 1917
1232 533
3856 417
294 3629
3446 749
1290 3197
4632 4216
3600 630
1326 3160
1402 3360
4378 2
506 4236
2446 1887
834 3780
4677 4683
4722 4380
2785 1550
4135 680
557 3316
3694 837
2879 1365
1293 3004
1691 3146
1356 3364
2129 2629
482 3941
4334 68
1427 3255
2807 1763
3947 436
4223 196
3291 918
4792 4826
27 4362
2955 1270
3737 770
1511 2761
1030 3405
1476 2956
3704 155
650 3641
3666 484
1655 3063
1603 3182
1388 3623
597 3753
2175 1652
4335 446
150 4263
385 4094
3652 1312
657 3253
2416 1812
4739 4318
3701 1227
268 4354
4172 4994
4319 52
2290 2324
220 4258
145 3833
3216 1735
3342 1118
2730 1160
2967 894
783 3557
3608 1321
2274 2019
11 4467
4871 4703
2819 2049
2929 1205
2805 1546
2373 1692
743 3778
3997 313
4364 9
952 2726
4238 570
247 4157
2769 1181
4453 4693
3282 1727
4449 4376
2583 1344
4155 298
2511 2292
3369 881
3757 43
4809 4743
4096 128
943 3512
4005 934
4310 132
812 3638
1789 2513
3106 1102
123 4418
3011 1944
704 3869
3118 1036
4668 4840
4793 4239
2428 3199
1103 2557
3070 1896
253 3733
2082 2128
1063 2647
2949 1346
3855 611
2676 1246
1782 3084
2837 980
4833 4206
662 3245
1414 4881
76 4442
441 4052
2832 2033
4268 204
485 3898
1249 3415
1951 2844
1688 2649
710 3115
462 3964
2899 913
2679 1623
2053 2155
897 3388
639 3915
2867 1294
4173 4976
21 4396
4080 288
1529 2737
4875 3998
3232 641
4567 4843
581 4152
450 4013
3379 1682
1665 2256
2169 1865
4517 4558
2916 1983
3946 437
2870 1367
1348 2384
2196 2634
4412 236
366 4106
2699 1184
1478 2159
2382 2371
824 2965
3708 434
1621 3187
1259 2394
1128 3895
149 4458
447 3986
4028 839
3005 1967
4302 4559
280 4144
3906 185
2865 1393
1135 3520
2178 1585
3440 1079
2370 2387
1537 3258
818 3613
1561 2101
592 3763
1970 2291
495 4273
2298 2099
1602 2722
4911 4102
277 3630
2821 1509
332 3518
71 3771
1261 3090
2448 2326
1589 2025
3703 529
3950 425
2809 1544
2014 2042
2827 1007
2637 2063
30 4413
3039 1109
4561 4501
471 4196
4963 4641
4754 4597
3872 4906
3846 632
3158 732
1628 2678
3132 1302
1285 3033
1893 2792
1147 3873
3732 114
4571 4270
2590 1311
379 4133
3513 986
925 3528
902 2903
3134 1286
4830 4772
1799 1852
2527 1569
1994 2795
562 4165
2866 924
424 4204
734 3015
3614 671
4383 13
2176 1636
4581 101
3239 1179
755 3858
4958 4474
3684 567
4784 4748
733 3068
2933 1347
1937 2898
3055 1901
3211 675
4445 331
1029 3989
396 4215
2782 1631
2932 1582
222 4256
3427 780
2498 1843
1323 3702
1466 3281
3403 1598
4122 718
320 4139
2012 2781
1398 3017
1525 3164
2330 1969
415 4209
2581 1316
647 3793
2087 2713
2392 2331
442 4003
1825 2970
1224 3307
2661 1669
681 3876
2314 1995
1480 3194
4719 12
4059 694
4890 4702
568 3826
4856 4723
1788 3050
2994 1113
4579 4842
2502 1840
3138 1042
39 4535
1349 2947
4288 4887
3215 1238
59 4525
2560 2279
3811 1161
4514 4957
4710 4636
726 3105
4023 878
1897 2417
976 3653
1801 2488
2310 2006
808 3791
1836 2494
341 4264
3542 916
4266 4592
1263 3389
1435 3303
64 4463
2341 1961
3198 1031
4969 4076
4191 4961
1136 3551
3161 1820
3815 658
3575 713
4690 4673
2978 2318
3476 746
3923 4896
3414 555
3041 879
1140 3516
113 3735
3078 1107
1362 3086
4253 560
342 3577
1545 2301
4913 4697
4781 4574
4614 4916
3802 1
1796 2984
290 4279
4290 516
4657 4457
445 3386
479 3949
3067 1438
3445 1551
4042 4711
3045 1495
4897 4705
3667 1372
1288 3029
4983 4590
2166 2061
2735 1895
163 4210
481 4178
3797 408
107 4341
4740 4753
2736 1877
3859 296
1979 2100
1210 2526
2297 2551
3533 1443
1441 2969
3366 867
1434 2188
1152 2451
1924 2381
4949 4605
556 3996
3850 625
928 3738
4225 458
636 3944
225 4245
1790 3013
572 3254
2251 1784
4505 303
2716 1201
2888 1155
2957 1127
394 4067
3183 1758
4808 4709
2168 2681
4434 4713
1850 2422
62 4265
3206 985
3957 336
923 2873
4456 322
3967 4851
1751 2565
1787 2514
4872 4528
4259 206
2179 2157
338 4115
1470 3231
2020 2794
1873 4339
4000 330
1932 2111
3743 764
3374 856
3448 738
4289 4878
890 3399
2754 2163
3775 1164
2312 2490
2533 1395
565 3994
310 3591
1890 1777
2800 1386
4032 830
1037 3642
2339 1528
1084 3581
2208 2140
3592 1325
4732 4799
4860 4704
1570 3196
4756 4744
1452 2851
2504 1697
3834 4935
2991 1119
3400 801
191 4305
2763 1866
1142 2536
3803 670
4243 4640
1892 2908
4671 4689
135 4394
4755 4861
1560 3218
4557 4278
1485 2767
3628 569
609 2820
397 4030
2293 2554
266 4189
4325 32
1405 3312
2090 2113
4365 4741
1595 3189
1584 2731
1087 3920
3929 1110
315 4177
2808 1166
1236 3454
4737 4959
3006 1104
4828 4621
1573 2802
1315 2986
3224 954
3355 862
413 3485
2787 1533
3779 500
54 4508
3186 1753
2801 1045
2278 2440
908 3529
3313 900
950 3697
4465 4932
628 3672
3875 4904
3546 346
3705 133
3706 1200
2964 1539
613 4078
33 4033
3740 499
1034 3647
612 3676
3 4664
4962 3905
1891 2952
26 3795
1907 2869
4864 4153
3314 1131
347 4071
4910 4608
1541 3151
2361 2400
3066 861
14 3865
4352 402
1077 3983
731 3595
4423 4387
3208 1752
4645 4841
3686 1306
1845 2468
964 3688
4594 4261
4450 4360
4767 4915
4670 4451
4008 4749
254 4358
4981 4534
4609 4921
1100 2571
4461 4980
4049 283
508 3852
2732 1590
2483 1743
154 4375
4345 4845
2342 2547
381 4063
2055 2133
4529 302
4044 4675
2450 1592
3931 512
4659 4698
374 4227
1694 3031
4923 4686
423 4062
2096 2691
1764 1857
4251 4602
3586 1345
179 3687
1008 3433
3910 388
2641 1252
588 4107
2005 2378
2609 2237
1009 2729
1368 2871
2408 2327
1363 3048
4600 6
4509 4973
461 3987
3304 901
1204 3504
287 4300
2267 2481
4682 4441
487 4037
2438 1484
2717 2185
4623 4924
3558 646
3991 1012
1578 2780
3555 905
4926 4665
4582 4495
4291 494
4312 57
3970 4815
2098 2102
1543 2863
1457 2825
4230 4922
1059 3318
1931 2356
4746 4601
2043 2156
218 4271
3229 949
2150 1910
3413 765
4630 4482
4992 4526
1705 3021
1458 2187
124 4494
4929 4487
2127 2086
4779 4857
2791 1396
2445 1767
3497 989
183 4374
4424 4725
1625 3125
433 4006
1654 1934
4347 4747
4884 4692
617 4022
3267 1146
2427 1774
2599 1340
358 4108
93 4620
933 2789
227 4351
1911 1726
607 3678
308 4074
3767 1189
2643 2231
640 3919
4914 4077
3296 917
2640 1648
1719 2566
125 4483
1888 2904
4802 4112
2311 1996
4428 4724
4355 4447
4982 4626
1208 3489
4492 4886
4696 4903
4170 238
773 3072
3474 1513
944 3698
813 3618
4761 4595
3714 1192
1130 2545
2765 2135
2517 1797
3572 271
4618 4859
3985 4807
3157 1883
3153 1051
118 4422
1606 3163
2572 2248
1151 3545
1696 2221
1521 2874
3339 899
698 3894
2455 1864
3168 1766
984 3488
4757 4925
3880 404
527 3975
1635 3148
1780 3085
4975 4634
518 3794
4066 4658
1745 2559
3402 1101
2911 1245
1821 2966
1115 3262
3955 407
2706 1601
46 4316
2880 1987
3720 503
4947 3938
3820 4942
4544 4313
2357 2464
2826 1505
4584 4787
4295 184
4349 41
438 4017
4009 893
4907 4110
2829 1165
378 4154
2429 1929
4791 4742
3343 1702
2254 2615
483 4175
1195 3523
1744 2979
175 4381
4408 4998
4466 4681
4515 4330
4624 4905
4348 403
4572 187
2852 1416
1111 3556
2597 1690
4570 197
4628 4900
4721 4132
4181 234
1081 3582
4491 4357
3428 792
3561 644
4549 4518
4960 3932
4446 4936
1221 3410
2762 2158
3174 1257
1879 1781
3999 4798
4651 4867
4370 4728
4026 841
1609 4578
4844 4805
4678 4169
4811 4814
2070 2772
3606 589
88 4504
3499 1468
4997 4522
4103 120
2905 1986
2409 1952
3220 971
502 4020
4901 4617
4188 263
301 3611
616 4046
4213 4642
2045 1992
4965 3874
1680 1918
4650 4730
4500 4928
4795 4819
4519 4554
1162 3459
4988 4580
4217 4954
4991 4577
4783 4782
4007 4762
3425 832
4967 4573
4421 4953
4368 24
4545 4854
4695 4440
1575 3128
4307 4484
1455 2840
4995 4532
4847 4788
4829 4569
4637 4759
3943 1048
1134 3522
4720 4610
1846 2913
3495 1469
666 3913
4392 4990
4604 4952
4769 4286
4920 4598
4599 4908
4161 4643
4667 4863
4817 4666
871 3568
615 3807
838 3519
4691 4831
2751 1645
215 3772
2388 1870
2132 2617
4968 4546
2146 2074
4869 4124
4823 4810
2839 1333
4502 4883
2777 1641
4527 4940
3244 1168
3867 1228
4218 618
4566 4498
4448 4945
2300 2542
4931 3942
4192 623
3971 343
3798 405
4321 4454
961 3677
1828 2923
4774 4879
4635 4200
4114 4647
4109 4649
4745 4866
1044 3589
4716 4806
4700 4813
4999 4523
4880 4510
4652 4195
3580 1380
4706 4758
4524 4858
